0	1	2	3	4	5	6	7	8	9	10	11	12	13	14	15	16	17	18	19	20	21	22	23
-0.2294855762992889	-0.2122226894807086	0.1013244275144044	-0.11233590088656831	0.1336992568572977	-0.027358601200576257	0.1616773925107099	0.15000500290605467	0.2126524648874954	0.06858802514748948	0.04884729268503248	-0.12100674267146	-0.12310487119768913	-0.706235980490206	0.21116617765036375	0.36147716944081904	-0.169755287186542	0.15262381927684868	-0.004428086709289346	0.048118937373671906	0.03839281403730867	-0.003381863246267588	-0.0004744881671303524	-0.008955312740644128
-0.2544301037760537	-0.14619727211300998	0.05710487483968135	-0.08763347486330213	-0.020787855024237908	-0.03841573627307306	0.05013841691691281	0.1374826031417571	0.219169524407645	-0.04999328042658032	0.16438479108141021	0.14904913569679207	0.033618300756515916	0.18778485631005737	0.03174227107843225	-0.15364511369611722	0.15778525028698848	0.22643899355965186	-0.5506154163529671	0.053368044288203645	0.20447062546993997	0.05765325814476925	-0.5387811052991306	0.03512842616213842
-0.2501826956552769	-0.1435399443203918	-0.05872461523167959	-0.14824381498487055	0.03516731469288041	0.024264613363559125	-0.04304982738804952	0.15741377280337193	0.4030984971465	0.007709053817161832	0.10650598623547192	0.25419256439716675	-0.17965531333084128	0.26417426513341963	0.015014382384978963	-0.13499927309642865	0.006358229356001175	0.31409075191564706	0.5392914484499336	-0.04589262153796213	-0.3262836122125509	0.023707026001371746	0.04772313518946778	-0.0544732408163671
0.03421039720856904	-0.4335660111501091	-0.04778553116779431	-0.19739060984844062	0.13928574037196945	0.015436674645882416	0.2700731557639003	0.02368790750305154	0.041357432531920466	0.14846393396478388	-0.27876586432548905	-0.40337766820239807	0.09339749576000671	-0.1011227388412586	-0.2537687693879722	-0.5551793709174546	0.07253836419609078	-0.0947715677067406	0.07038388747828454	0.001748128017456563	0.007893636826145758	-0.030850037752342727	-0.016035692226603903	0.015654980529709386
-0.2611424439730866	-0.07579129201015783	-0.09849702893622768	-0.05321643651949709	-0.1410577716892552	0.0924241512975491	-0.04646783676502212	-0.02440878637308378	-0.0304355297836804	-0.3953492182565377	-0.04631951378655803	-0.15663185723663	-0.05916092774405418	0.06929594940177936	-0.04500157953645263	0.01649206202101808	0.11135825491862039	0.20699262597345827	-0.015068488264814897	0.0862000042551647	0.3027138939874506	0.18246521682017233	0.42513920133069516	0.56502207119828
-0.20870109769798842	-0.06081297734107343	-0.08996159838199218	0.058442309186436704	-0.646112952882507	0.4856262996401384	0.02530119501764959	-0.22071007185282188	0.03137536675512362	0.4472074204139993	-0.07971098345788226	0.09936593879011507	0.0985085552284863	-0.1023880713492852	0.024309567160956953	-0.013741796838421505	-0.0013511041680537995	0.00946802679385113	-0.01213727458272884	0.00859989312353695	-0.00899236912067116	0.0029060796535870822	-0.0036833562755722157	-0.0003497034691967844
0.0045148309480654136	-0.43364070457899284	-0.15918859424124332	-0.11529933204456534	9.048333534954281e-06	0.04910877401889341	0.14221607231990746	0.07697485595542049	0.15814174017976193	-0.060916985008559785	-0.04055150828017089	0.04266868613205048	0.1393229192972566	0.34948695541895886	0.19500372098953117	0.42791000335751783	0.018668917689044922	-0.5511708707860945	0.0668352643506634	0.169987108581226	0.10505097369734458	0.023714797264357716	-0.0008784120312683737	-0.027726193118170643
0.008097814347678697	0.2689776942098211	-0.43722952816007044	0.07767980619623349	0.23636331351553277	0.1330836124323683	-0.2609004472458527	0.09184229788838046	0.10704509409234637	0.24497812544630848	-0.12043692681922877	-0.24540617272066279	-0.03186302203340129	0.012160627402337735	-0.047673311393340315	0.12489708626493584	0.13149590036946204	0.10347472034134365	0.24711354700802107	0.30453934294037555	0.30615693020970025	-0.17839156826291752	-0.3118513820752722	0.10221033659953743
-0.21720892981500128	0.22291242912583337	0.1925664620546895	0.05481019862255771	-0.033490657123685805	-0.07228567827644997	-0.11964754252061065	0.08563528146984731	0.19317230710199193	0.023270918621415154	0.10567205673792672	0.15039745172000646	-0.1851795840111248	-0.15291622739470156	0.14431197687678696	-0.39194373558373924	-0.09916776299269851	-0.539433861017381	0.2001633763172728	-0.0939474024470427	0.40930309718977076	0.09260834714556253	-0.023370633150561954	0.0701331789937005
-0.16862724387353004	0.1569258616450767	-0.38138068875075515	-0.0080672810564859	0.21067910819653096	0.1026120534510667	-0.20770855878015962	0.1726984319835635	0.26427762169069674	0.18394099200046649	0.01712723546403706	-0.1609138821145249	-0.02129455334129408	0.05439862743366034	0.006539551969084974	-0.047892923842877085	-0.12986321822397312	-0.16790656826513414	-0.46312738148919275	-0.23064504235456804	-0.2606436718404807	0.1769302646570563	0.34710762036625387	-0.07391376915942431
0.09493652999681486	0.34380528026503243	-0.054083480033912404	-0.49429346332414736	-0.08824214314027103	0.06128358548112604	0.47704325688827354	-0.032440391566512725	-0.10492500006124166	0.11212866443854526	0.09425227439500448	-0.17281349122773387	-0.5007862882935992	0.1797945761677484	0.18242855945987663	0.03113396124153534	0.050741263020825794	-0.013072399455118988	-0.05057505857835922	0.0059809631633364006	0.01633536201051619	-0.00818517855126073	-0.00030761202330649494	-0.001799583399762995
-0.131672967540403	0.3600549570158583	0.019367070989121243	-0.34299566570127354	0.059487847078114976	-0.018339800651431957	0.15324658567849792	0.060312006322557475	0.11575214664536888	-0.12392111210998162	-0.6404889923352229	0.36802973270819106	0.3224696248969725	-0.0858092929371922	-0.1115011629874829	0.06971572990439741	-0.01205481902423381	-0.0100739849409393	-0.022399685885275588	0.0005828128237959326	-0.0009548953485900325	0.012895110777259978	-0.00414411028078522	-0.001166723419611151
-0.21958110848218587	0.2420590360872672	-0.042201424591182	-0.16130991523131086	-0.019804679180132272	0.0008443797860759155	0.24386262255282645	0.0985748701668499	-0.05346767050276548	-0.011338204017872399	0.5762850500191918	-0.14418878269532515	0.5352163995724165	-0.0233466878507689	-0.338056737499146	0.054841110410461975	-0.07792625873029348	-0.0698862397538275	0.15483027362388568	0.02545470659750329	-0.001465645649670068	-0.003095868842455378	0.004115049980980278	-0.0056036343849520925
-0.23640408681535097	0.008437243650693671	0.2479281485296019	0.18045858220087427	-0.07428803981755688	-0.14301679684614946	0.06252915331861914	0.21767334129781804	-0.12453305086917252	0.1893690726482604	-0.22202291656076475	-0.196014591770414	-0.10106576971444935	0.34539789174984925	-0.1619435219788185	0.09528438206830471	-0.6558191329664892	0.10700143320053829	-0.012090913587987353	0.13060308711303173	0.09632217098266321	0.014576324823432171	-0.016962335545460474	-0.017628838161098313
-0.2252334099885698	0.024678326618360513	0.3091601081983935	0.12574026038319985	-0.02601354981082526	-0.09218329748333356	-0.011443738409537496	0.13785167177657295	0.03213670558801565	0.18061340692628933	-0.08276662862448633	-0.07549240558969626	-0.25968810676197107	0.023643610619819337	-0.4906331524776154	0.3089704431014451	0.5425704080775889	-0.1733457555880085	-0.013700040771087352	-0.1577091592073693	-0.08042750028374669	-0.03917577111771038	0.029522491977660534	0.014549261643262259
-0.24978014451384742	0.11209794929520561	0.09285069516574654	0.19719125188466025	-0.020816053252728926	-0.1695667935667549	0.11073751321919786	0.22265108380567256	-0.19810576150483092	0.12451913205822766	-0.13378572576648168	-0.2632225444831331	0.30677679158871657	0.11410464907272821	0.6118529361344792	-0.060811575899256884	0.31796276165345044	0.07904815650208201	0.11353126488908932	-0.16391224502602125	-0.1049586379281631	0.03210785238754024	0.010260545939614204	0.011322597546644955
-0.2613151687521036	0.11113507436365326	0.050454909517981136	0.04332707801236672	-0.12840779370483454	0.010644359668462656	-0.0849909068588039	-8.611177267155504e-05	-0.027574115862908304	-0.29339298114624923	-0.020713420767979378	-0.1235744836999762	-0.1069360907190317	-0.09456358818773779	0.04372137861970017	-0.16632351980813298	0.07440952997743563	-0.19361369931336544	-0.1026711819218956	0.6857025882704811	-0.40657893730361533	-0.16180044060710974	0.005376342775222527	-0.15282604803234634
-0.22975619614863652	-0.1350798694913533	-0.23461052279680758	0.00888747748151092	0.12531837174107174	-0.014473067158485191	0.06237621817085115	0.12868520632116617	-0.4125177517913797	0.07094527565865705	0.031179029272261294	0.29033006866034483	-0.0946795410704329	-0.030428971795185555	-0.05542696804004543	-0.07372241227424886	0.1423904742351973	0.11966083204329168	-0.007658561909699175	0.13630852938007082	0.34871220389000496	0.08119401125753875	0.2893909469035851	-0.541703135727397
0.18979065110600085	-0.09934961653412833	0.06058309337401365	-0.5215521693949292	-0.34112293289489876	-0.15535532888284478	-0.5244663850895598	0.4529228973396304	-0.19366172878643612	0.08855509469142686	0.023741527602901522	-0.06289983839288098	0.05534797671612135	-0.06666191923966269	0.008546902846117487	0.006976962606474957	0.011216794608056087	-0.0040661169588409145	0.0026413376718679117	0.00752081991926369	-0.002668194157717638	-0.0006769370222769641	-0.00010091060309977277	0.0029288283360584043
-0.24889938685398383	-0.013408208979811528	-0.19330098524590372	-0.0400549891355608	-0.1596781539866308	0.15461418276343744	-0.11497259712224807	-0.08192218490721109	-0.10928150878142086	-0.49897422151339293	-0.11901145676400977	-0.28940975108929257	-0.11040754542783084	-0.025082163279556702	-0.05246670028136181	0.08166841048951362	-0.09905121961911428	-0.0545480648313426	0.11494106437882518	-0.45420322567759636	0.017269203246699977	-0.04974637375952139	-0.3206451709074343	-0.33256767265716924
-0.20822557018183988	-0.029803938064364544	0.25576026717962796	-0.28708822227128106	0.31938577951484937	0.10045398724027893	-0.28821596348967937	-0.46530241885742785	-0.18066167181675385	0.16100996152289285	0.004810968544070203	-0.09749064677654276	0.04673929080458557	0.06668132099205867	0.04921151092613579	0.07193404005887521	0.008436770839554956	-0.02056520279670654	0.07382947287317584	0.1037451402177762	-0.06957392998261987	0.5232019238498337	-0.1337585264869042	-0.0273875032703932
0.2178158361345139	0.11958077137792926	0.2829969165073878	-0.01567790039862191	-0.1520329671439736	0.007240808117402278	-0.057858915374327094	-0.11338224958684778	0.497528653939037	-0.0799997207478027	-0.020848512535204623	-0.3064564275593617	0.13873400735692043	0.10501440046442359	0.032980922726761126	0.029399062916507186	0.11123309381692358	0.18153634009637779	-0.01580427093417905	0.10260484377055995	0.2967556816139934	0.07788356881375562	0.2509860577787445	-0.47414379130845596
0.23970078567609351	0.06918702067929589	-0.18825440173520666	0.23264977439522858	-0.20377576716519166	-0.055268276739996555	0.18722496867738767	0.2696531615824913	0.02900180802283428	-0.08549601131469746	-0.0563970307016771	-0.014260201815980152	-0.06380130311395993	-0.13084588385173238	-0.10941171722183787	0.007192737520153411	0.04061244644770087	-0.010227775142753786	0.10381362683464009	0.12512806802801826	-0.10523619214328948	0.7559796581770829	-0.19840427413464615	-0.03106270208888686
-0.1432163207727291	-0.023461703833837902	-0.3370275030917053	-0.0499501758714061	-0.25154210251961684	-0.7702839506095471	-0.01751812770887756	-0.41422171256214063	0.11207862989531332	0.12919186918085615	-0.020117215054248915	-0.02102555918303323	-0.013836155474356711	-0.03725209822422605	-0.03738504840945375	0.034832229168627035	-0.00524353265374191	0.00038521732272844833	0.0018993114810205406	0.002470119750671018	0.004701077277346599	0.001732521687637542	-0.0018610044205179465	-0.001958129097163021
