0	1	2	3	4	5	6	7	8	9	10	11	12	13	14	15	16	17	18	19	20	21	22	23
-0.15825082628423814	0.15613509546721904	0.2887819081058339	-0.41255688442380134	0.0005588011805761726	0.2272500263555595	0.07928239106159271	0.1225064729617112	0.30339141914224027	-0.31303768562062906	0.06546835446897406	0.004448301855988032	0.27690128745542625	-0.22666464248065196	-0.5261082419455277	-0.12481047430869359	0.07601537432621273	-0.033860588534018486	-0.0042559219866624195	-0.04156488811274745	0.0028373933908689562	0.02250525086691984	0.00608632397734956	-0.007625355013642348
-0.2642639761136764	-0.1261339849058668	0.10885464363045565	-0.12539101864091004	-0.02659704530876189	-0.06313481071876295	0.07497584457671914	-0.1757103396393339	0.007522360119966885	0.08333843643763314	0.05350964937050037	-0.14805219865994948	-0.15575570306136366	0.04568101514854928	0.012144405158353588	0.003440051117622378	-0.03582873845578619	0.17494155254313132	0.3245313347708286	-0.3954470578053433	-0.046767477602689275	0.14222264356246048	0.22658244945555908	0.6479674346962448
-0.26488597520829676	-0.04498320877895659	0.17297173496222948	-0.07599961840847409	-0.062099999452578526	-0.09978025019780681	0.01426812071002069	-0.11289079094215704	-0.040755188861640555	0.06599510841795464	-0.11754988964438845	0.05798581273282355	-0.16799872017307335	0.06658654450748233	0.09794401491237661	-0.041828603714241165	0.4634578179881463	-0.36495649860049156	-0.20129650598106177	-0.2332781144480838	0.4860711747405182	0.2764239870020028	0.054654699199744874	-0.19892656525735639
-0.16937940759361353	0.2956263454948484	0.15219764541530237	-0.28879263382611026	0.13448389854712778	0.20057205737819017	-0.040617513110468	0.22036320663843675	0.10073347647140724	-0.3249031156831246	-0.12847772159513712	-0.04659032513995745	-0.06559886775766491	0.06075775402425509	0.7037918128830365	0.1262180906048934	-0.07181884312658644	0.07052099764878614	0.009735530156368057	0.04941259816462069	-0.00471521017325603	-0.04428683845180112	-0.012849933735903422	0.01934597414686964
0.1026336228637776	-0.2629988612899757	0.3422028624761256	-0.03703669255358025	0.3233478126462004	-0.06180349220333987	0.04174950608353214	0.13556422227094791	-0.23370481067777418	-0.06353982731038406	0.059888830976519224	-0.019734259121459614	-0.038314347564302985	0.03993264438970037	-0.04841033395622976	0.07427518763815259	-0.358332888992105	-0.41445874937388966	-0.08636936971605652	-0.24745488495600199	0.10059559819020725	-0.46076566423614795	0.09065547234265778	0.01612278727266213
0.16048161223111665	-0.07395086618767482	0.3144797790444258	0.18529871536835088	0.11453729676971047	0.46471773368858826	-0.501232724314811	-0.2537872442983842	0.3711273385597858	0.2920575265966708	-0.1908376280766841	-0.1647384345982822	-0.03061454490760144	0.04399354523745555	0.007604750862886964	-0.010586848005862067	-0.003818790468305354	-0.026011302671833374	-0.002469868410804685	-0.01477758359338703	-0.007610277976663351	-0.013912461185390959	0.004309214699511634	-0.0010313480078432947
-0.2810954358899054	0.008635734228964412	-0.019676705667428504	-0.10248186208157851	0.15807848472981562	0.018507398832079466	0.0196292183862152	-0.09187734227875466	-0.09183718698010451	0.027730714663198784	-0.023292397424360834	-0.19767000167850615	-0.26455506257373484	0.22313410002864184	-0.15567912574336626	0.040131742812556916	0.36580995350729334	-0.06272477875169821	-0.35889651968556535	0.35473648154305004	-0.4074421285475555	-0.2858329759398266	0.1405232576548321	0.14685653887959468
0.25493747287870794	0.1651589802466669	-0.06062792478153247	0.18833733610426348	-0.02214977814839607	0.004661715305905121	-0.14114567385410906	0.23189426696305407	-0.06474669267822691	-0.126238621215646	-0.23745841001600315	0.21444640229926776	0.18656298482212472	-0.006304741319863091	-0.03621608028609622	-0.0239314518282542	0.16141883579620142	-0.2065870834293558	-0.227196034680632	0.10810671740720942	0.18303073044735638	0.02564748340183225	-0.09438791670569574	0.6782587426447865
-0.019870317262736643	-0.2263379461070554	0.37966450216748016	-0.08349313356906213	-0.43577629579193516	-0.21011722524254703	0.12127410114424694	-0.19264047009375562	0.197298596412028	0.1470092481898327	-0.0082816840056724	0.40800229659817244	0.10779943950124048	-0.23995094237945871	0.2588985336377996	0.01786440557246171	-0.023950829545010793	-0.08363485365117435	-0.12068463074090312	0.19353640021440868	-0.24984003430047672	-0.13826054716424735	0.019426336239279862	0.07919248602392304
-0.22273646893319832	0.06165387191875875	0.24596129823112348	0.17252918576484325	-0.17336538656194628	-0.22852459823147678	-0.18535172309039732	0.1046373166753715	-0.14721969625074735	-0.18824429582097932	-0.6183670621977293	0.1385848152787678	-0.05126916411117785	0.2387486145996101	-0.25889636023429025	0.15286801458250168	-0.10601707160493436	0.20040974268163586	0.1830863981739575	-0.033987174082383304	-0.08682387103672176	-0.03779766272640127	0.012486658947660536	-0.1575429741315464
-0.10583414200680033	0.3533758459647783	0.18719965040983796	0.30075152655833903	0.01734662456371809	0.06435711660786739	-0.16172815375822058	0.12441692806313337	0.012078198855193388	-0.04008431069888704	0.4572664164055436	0.4263585290565981	-0.5241749047902149	-0.08341230900427835	-0.11029670894231874	-0.025570075996588983	-0.030195539382089076	0.020552537374886434	0.04463667677236728	-0.0291427440617432	-0.030397253364413866	0.005497619085131181	0.0005983691222108366	0.007597180873281299
-0.25841934446847853	-0.021348079929145086	0.13192974393514623	0.2571245722800344	-0.038893546615165434	-0.06456542872956277	-0.13994874554866085	-0.07999469030533522	0.023127437096912024	-0.15192484842789003	0.40908554985125467	0.013980826992882717	0.5219300144397566	0.565264819128862	0.095706797373618	-0.1550884380752188	-0.0018448923020774597	-0.007706219693163955	-0.013910203066119169	0.029223895925507375	0.00770036689251614	0.007650012426328893	0.006226036387524989	0.0014609467214479384
-0.1854889529179668	0.22031058257409478	0.20701887030244995	0.3354659055512338	-0.11797577238568006	-0.237069619131983	-0.1314274835254153	0.09823602156884136	-0.13638690917552385	0.034434821086514654	0.10823320530745413	-0.55150414282159	0.17324118369242297	-0.5109355333547853	0.06432417481754674	0.15643101609427812	0.06618626910026987	-0.02730837028813934	-0.04260409574654316	0.022803437553463122	0.00013512942700322152	-0.041666483166432164	0.009246784695092866	0.0013224958056149258
0.2759131392653266	-0.0017519053328714476	0.08252126727827293	-0.033979535389090335	-0.19632585175034864	-0.05429507564281936	0.08946770955567371	0.1494001535686223	0.17153434490144367	-0.036066776631594646	0.13160604429819306	-0.1548896672872292	-0.09542619207925618	0.2239185764908237	-0.0331528777368437	0.32299742518573626	0.3323993666046814	-0.30535042099322446	0.5877162404925814	0.18883748031314684	0.02272650876380066	-0.13138883616665947	-0.06928048874709374	0.001546146376775275
0.2730990880607661	-0.0090644027513124	0.10161018717224901	-0.031585275992809816	-0.20454458447156565	-0.06282811085645602	0.09002909006004786	0.10207650761480565	0.20481019078729468	-0.05088427873537128	0.16022244054361173	-0.1270373857806811	-0.07575753008424643	0.2286273867247239	-0.09230875812594648	0.5387837561905109	-0.06892694432011247	0.2764047149792323	-0.49907084020224823	-0.2222661948422964	0.045947046007463736	0.14089389816457493	0.0703555166594076	-0.0007075068351533818
0.24821960657806152	0.06233684426188254	0.17986024291945144	-0.03435345437452646	-0.30582303872837147	-0.1550229837651537	0.06708847708217629	0.24447867636846457	0.08410940334267245	-0.0066641368884356195	-0.04237411031556909	-0.33774326341731514	-0.2690490128462391	0.18864253415253457	0.035861223190591276	-0.6787612796964079	-0.11735817485528666	0.005886612398732073	-0.10172851207652035	0.00737513747543532	-0.03255485573107687	0.028416341908482013	0.008382576130357467	-0.0055968504638442135
0.16110868436147419	-0.2419757620532075	0.3068327012450268	-0.012376960258474241	0.22265634059556733	-0.03210194135404906	0.03831501422151756	0.1032551113392959	-0.16286013716795392	0.019804573866446316	0.07744241019476236	0.06625825583776196	0.023677157268725366	-0.07086261595765281	0.032716399478037186	-0.10346142671183635	0.3362967923970788	0.605783875141132	0.06595319099729618	0.21883388269179244	0.3614592585976949	-0.18512080792831648	0.08072807922088965	0.0070036922669023454
-0.1797521867520296	-0.25912940002538654	-0.20050424164650243	-0.07310778361106202	0.06029325297006578	-0.1671805118378509	-0.29536645499675546	0.5523127988932651	0.26332572448826097	0.23843770081422597	0.033663314103708555	0.0883844949195669	0.053033636486196856	-0.03852641332079096	0.051928865070010155	-0.042299367924299086	0.2310546076854103	0.06463898297898384	-0.02335159102722617	-0.33744025412612355	-0.19644258327876712	-0.16072410164526202	-0.22254965800609824	-0.035670743051376116
0.1390038921519747	0.285571117871483	0.023169638948280103	0.008808370944146047	0.4993755861441915	-0.6105284177474298	0.045833008186005116	-0.2469796054352402	0.4508371479133277	-0.0040411879261380455	-0.07817783623707401	0.03043934861663472	0.015167387363184695	0.016385137810507683	-0.00048611271208197533	-0.04610793863315167	0.0017957032438278833	0.006111131310187096	0.0162904621572069	-0.0034730290759489137	0.0011236891954316923	-0.0061474518190105226	0.001132636032860597	-0.0005271240731064203
0.15822537066652903	-0.2222615582032858	0.3115489776647108	0.005943230840918589	0.3167954241129141	-0.03645411504277851	0.016175090154622943	0.14996345668329336	-0.22499615419144964	-0.05648799185515181	0.03349783989287286	0.004477087143991898	0.01832634796055694	-0.01836334245075605	0.027578016712592423	0.02808400967732943	0.07083148737531837	-0.09298623484947788	0.025010280670851842	0.07644309825800873	-0.42473036918011176	0.6481066201365366	-0.16058983031690402	-0.022116034302025238
-0.10964320319688145	0.34779311634430343	0.19364305473330742	-0.2827741834001645	0.016427537689377013	-0.011528230147165988	0.09998554596309706	0.04759111727473786	-0.19967519040084775	0.6132973027131104	0.02028481087515242	-0.0024697240521884584	0.09038889709505613	0.18629594585864603	-0.0836807853197219	0.07857200312139782	-0.16369855290748328	0.04534298277536451	-0.0018278910051580449	0.10171127396788272	0.12096251130620742	0.0015360721465569362	-0.4525732814849203	0.07591023901214372
0.23878764607188369	0.21658950432793495	0.09173783237855897	0.09291506495580229	-0.04488446082319602	0.12680841617138683	0.17866377155638152	-0.28881118869715955	-0.20309678987824792	-0.1433565637741143	-0.04395109775713064	0.026458851828781743	0.07507985585427526	0.0014107230661305915	0.07753596098140669	-0.09234659512122965	0.3514234519564771	0.09711659077319142	-0.012508879171226676	-0.511695308965768	-0.2809099196075251	-0.25494956755977893	-0.345095197254373	-0.05535252558749718
-0.19441832149504712	-0.33061363549274375	-0.0204161326685529	0.07144007029407343	-0.014006198298760647	-0.045940074175858554	-0.006527018652922876	-0.1926911119585004	0.1475593010501804	-0.3355896677475439	0.040251976395255386	-0.14169901542649538	-0.24927476997017822	-0.0457791259731398	-0.04294201006765739	0.022877248092808233	-0.12919329619361736	0.040241938797556644	-0.056987070687339374	0.14250325432397123	0.18440222410564439	-0.02364242994411664	-0.7016758947135407	0.12816102150022052
-0.2044249225564022	-0.04010543398312989	0.0624401863451041	0.48449485795018593	0.13846426471117554	0.24667685174648035	0.6687560719624166	0.2317495527182026	0.28310340241590803	0.1499726772095546	-0.17852798340666692	-0.0004330431369293774	0.028103440693676755	0.032041991016539595	0.01967362235732751	-0.009375969963839968	-0.009270759023661944	-0.003818657286683099	-0.006719134590147986	-0.0033273388779719603	0.003911678888358245	0.0020549424515923006	0.001512386935995102	0.0046712134539503075
