0	1	2	3	4	5	6	7	8	9	10	11	12	13	14	15	16	17	18	19	20	21	22	23
-0.03284273192268383	-0.10261333174847764	-0.5660761878916545	0.005496254183916991	0.468390582919575	0.39089321930295773	-0.3171821369445096	-0.10083560407395246	0.13678499090867025	0.21167121065837735	-0.2680029065099034	0.18766481046818947	0.06915884712581957	-0.08999358308408346	0.005530752621406199	0.031550368292001967	0.01898520341592368	0.00791728213177924	-0.002582729121637895	0.007349847784629212	-0.0029155713299216877	-0.0010722659156259507	-0.0002572744109907503	0.00012996099086916375
0.11861088047312694	-0.1755626389418576	-0.4099069869993157	-0.34972375515044823	0.16661199253118883	-0.24673113995497326	0.2508316402785835	0.17632179212582333	-0.30505536371795683	-0.33900730680679525	-0.06558895966306312	0.03408284901933868	-0.3118858464652279	0.16851764435982325	-0.006517059717052944	-0.13197192608408495	0.15526369218273325	-0.012700800888562657	0.13140334407442794	-0.08591539194292143	-0.035300881314463226	-0.01281997224056144	0.22658662165605234	0.15456499982954003
-0.24940926466243601	-0.10641099559449721	-0.15573178977822938	-0.34060109275677297	0.04132318263922497	-0.20643444747859138	0.21906409935922608	-0.08598715609125113	0.039634076152906844	0.06036932894147338	0.4057037165808498	0.30283728115908093	0.34963945811750896	-0.27745782843639505	-0.05515933721081336	0.29524319884969324	-0.283463048576551	-0.0651723073683621	0.10296465544512895	-0.1900272341463622	0.05025529958642655	0.004551790845945762	-0.03500662827745488	-0.021425516327884767
-0.0074073891597904494	0.28554531971255226	-0.3424264615393681	-0.2024214809480141	-0.03207645024060493	-0.03186712289921863	-0.1802403906603106	-0.0524247454095231	0.31382745046259136	0.037544528793487915	0.42270163195166527	-0.5873524088388262	0.032721724208195545	0.24219532813737643	-0.11473225629271525	-0.14705457371720368	-0.05279067424401449	-0.003884639010266002	0.041928558168066433	-0.0011772671228106402	0.015767194373685303	0.003591206675980498	0.0010478391738812864	0.0008691941624343792
0.15147711509824022	-0.27049179609984075	-0.17645028408393404	0.027473708792769398	-0.3115751641830702	-0.08891030323070649	-0.040122453374854795	0.23082228647094355	0.16486332557823938	0.17237873113494045	-0.015158142928933633	0.025516677121953654	-0.02723937298530294	0.010665651411418571	0.08703800143958118	0.026161826628400997	0.05600655765494739	0.2932160940331049	-0.17303897248644248	-0.2244857567942977	0.2744308682530331	-0.6235265322128722	-0.10419681575977066	-0.02884657895886139
0.15026614295815646	-0.21900571665836888	-0.21052884334585212	0.03911259079210919	-0.4715594461622801	0.21527923661124343	-0.10267448748814	-0.677334542425083	-0.23140244932795648	-0.2901606410241014	0.052623854519560344	0.014834658045940344	0.06610707992250146	0.009846057188887838	-0.010245562693101631	-0.003312722036583288	-0.008890270712483389	-0.0015436557188833343	0.012673257798907234	0.00014281540920041462	-0.002721084313886108	0.0010448452463769616	-0.0009315022914373362	0.0016491834826269417
0.2536443203848675	0.17144267830455442	-0.1433286448447535	-0.13838189852755214	-0.016494909424012452	-0.1366086369400307	-0.03851448672368196	0.038190306083269156	-0.090040207358696	-0.03793120489329328	0.06966006809288466	-0.09169358032520124	-0.04418358969209731	-0.496139034289106	0.08912359740039184	0.19159996243382005	0.07019207005999055	-0.03684934958857566	-0.5057027294665238	0.4885253485104961	-0.13238636336481122	-0.07515050017209475	0.048014701701194526	0.054601080668016354
-0.30001097355496736	-0.005086812906363047	0.1116408666440778	-0.025534679462186384	-0.08670501676804902	-0.0020425982140839885	-0.07567669693322907	-0.1945991955674868	0.08063316816008613	0.28956401566832446	0.14318778969680598	0.10996889575445022	-0.2386286742837347	-0.13144599799848253	-0.11773567650087023	-0.12002817708422472	0.2814484898997035	-0.05632078392024864	0.012289581652408305	-0.04877279788652168	-0.2370646003072843	-0.23449494723190725	0.6479933085179349	-0.06558265321226023
-0.2101752400498717	-0.24918603819568827	0.029746746594602094	-0.016981856718285778	0.10744426525765874	0.05145354460752799	0.17320502578859182	-0.028767844689798035	0.05278687546885221	-0.017442106032716797	0.17545254486684342	0.1929312666033075	0.23194948800944568	0.4491114058432553	0.06776160119327168	-0.24928627419834587	-0.10195818970830174	0.29941855995558186	-0.3011493554654663	0.4924525825061186	-0.11405929383652119	-0.04910950765204686	0.05237580033009765	0.05286358223045085
-0.29476895861372254	-0.0633735597059878	-0.01868293961553242	-0.15374099233289512	-0.04442775341395995	-0.09096104428987196	-0.0033843676257309667	-0.15839055722085832	-0.02181414124078098	0.2124016044931539	0.1290129291087452	0.13626734370221688	-0.38570118767021383	-0.08272525274212433	-0.0861300002086972	-0.2159659691326528	0.37414107656797574	-0.0604230743895906	-0.07834238986790219	0.10623341063971753	0.21886959569117148	0.15811049523711865	-0.567524471526416	0.056996139852682565
-0.29794558736071014	0.023011497901168	-0.04083560031223509	-0.13573934854210862	-0.12670975898509965	-0.025430521949801596	0.08042966021184121	-0.01028115824508254	0.2576612134864484	-0.1954836582587111	-0.2173008152694829	-0.1274703659383095	0.2873006585014618	-0.06191075220668968	0.6583799112118154	0.006875112817311255	0.39231233940114757	-0.10624676263321774	0.1145625128303733	0.02431239096195658	-0.00603258792947148	0.013254701308329023	0.015266617842856331	0.003719258841963996
-0.29753960348089864	0.004060471041937673	-0.03619231155628698	-0.12320511641931858	-0.15264413899737042	-0.08356374666956193	0.0835459114856469	0.018062994984619267	0.2137670153699147	-0.2430791251225008	-0.47973855945156585	-0.11082387732606108	0.19331446787407097	-0.02711511489986786	-0.644843583893645	0.0894737929864829	0.09383644524340864	0.03940071743818963	-0.19359739480241092	0.016855518478539028	0.009172872740018989	0.0002857210061206917	0.000711728216189795	-0.00437821926328447
-0.2990246009169382	0.017659567695504006	-0.03744246607866118	-0.13957297627552678	-0.1351890230133364	-0.08441244409643675	-0.022937722023266032	-0.08311188406881106	0.018182781476340778	0.054012213780704955	-0.3156059027579089	-0.13735396863762342	-0.3449107360993879	-0.20738700349821773	0.2119687778602739	-0.20164272554766763	-0.6495069971866553	0.19684638801860288	0.11155478479074771	0.1066960373289238	-0.04238390657791574	-0.025454157106507926	-0.0022209866635182506	0.019609998353296895
-0.13611582656377366	-0.30386837188080074	0.03868691613778466	0.0828405169152198	0.11379459278496425	0.03966549246263579	0.01913538599952434	0.0543003349684624	-0.3434917932100698	0.15228524626916198	0.05519817538322346	-0.44073441694298915	0.1416731207813888	-0.20573363629552063	-0.11585332344322692	0.18887122089759087	0.18488436707850453	0.34874589141413304	0.4231267280079856	0.271320345456014	0.028844992652810573	-0.056933652717640566	-0.02029673067530141	0.005890174222037509
-0.13233613431670796	-0.3048595046885047	0.015390900385691325	0.12824161849933474	0.1185931308198226	0.09966305167876179	0.04848205650076295	0.11329103193619346	-0.2235883772328096	-0.025956402640264227	0.08108740336226969	-0.30503619148520394	0.20811256009877424	-0.27868513483454205	0.020472898953882806	-0.4834813024236781	-0.06864037264285737	-0.21672255154981118	-0.38645845350373176	-0.3491525969672337	-0.02087807144845906	0.06877611888235435	0.010956465277771407	-0.004625090850362567
-0.2426956324662038	-0.21012456344732897	0.02096943599322854	-0.03518808000948825	0.039826315939240554	0.021413209130454722	-0.004940994588120281	-0.0668324249987159	-0.17096886759526742	0.1739756073447808	-0.06429686052746086	-0.2657611859314758	-0.21913220165309713	0.3773482968389549	0.1398604367280642	0.5837714621111632	-0.0883031499818358	-0.273664009713675	-0.33310239188813734	-0.09765851347692911	-0.014731911565090232	0.013499904241602892	0.011179288403402533	0.0017813701278729572
0.08268582804120335	-0.3177830276776125	-0.11621305873036011	0.08758890059247298	-0.24318864543234697	-0.03843705658034701	-0.011315588389223249	0.23149511319018226	0.12562272387075316	0.14005916071477453	-0.034204807190389826	0.027562957818798046	0.048192145197512186	0.029461660933064675	-0.10439228518521676	-0.10595997979188826	-0.1294344398174172	-0.662667920497574	0.26951549508438555	0.39917507424729315	0.0065620152823564785	-0.07709127766109022	0.0013237394847371668	-0.013085412412970177
0.1414223388677408	-0.2777327051094498	0.19988371039100328	0.0386985648710261	0.1948006107867094	0.12647110463645284	0.1672021422430837	-0.16227319428596726	0.4431567183645838	-0.15561855093797863	0.0869654445898414	-0.11060264899488725	-0.19553740861720417	-0.15851737348109657	-0.007123473533694764	0.08181798492507919	-0.043284016783333025	0.004909430891162474	-0.01799169507751301	0.048734585358330834	0.45154835430287166	0.11763822393395196	0.22403944750249336	0.4124907354700123
-0.07835848537090845	0.03314008919029095	-0.27013809121818355	0.6581920677247192	0.16466201348792697	-0.6112764218782928	0.10405352113966304	-0.2581691796900407	0.0797806229986741	-0.005536308982006733	-0.02409294293419164	-0.018917743903567083	0.004085241489955342	0.0042981113791221714	0.027118102736375632	0.011027112031290011	0.0024810767622936852	-0.003661813145945357	-0.008292761934828174	-0.0009143769928508364	-0.0013855264514086023	-0.0012374585456905794	-0.0005919847573177526	0.0005652734302032669
0.13239565525697475	-0.28182670793623266	-0.1576000147721054	0.04247347696272237	-0.3396763649579855	-0.08847515072028858	-0.058642348791450256	0.22109113536892125	0.19768483450262478	0.226185769207908	0.013902002471713082	0.035649016259855545	-0.037454209891107176	-0.030675877774850705	0.030651647251729267	0.07821671590335781	0.0588821585419323	0.27350390447186373	-0.06298780426467909	-0.11315395138514066	-0.2660355683812129	0.650210324040949	0.09945337803401127	0.03589537983910663
-0.2791607302843828	0.05039855660132934	-0.07402957602705562	0.2661652055384706	-0.09481172669943858	0.20731746536934137	-0.12739171367270477	0.2374129080022486	0.03707022716540807	-0.30187403464623497	0.2201950941974456	0.08304836749385147	-0.12891254968557195	-0.07069448732498006	-0.03320403395987267	0.12888948832516353	-0.01657657825699609	-0.0027536417070276667	0.0589760427249401	-0.06557721908898521	-0.3865539666401671	-0.17403797625665984	-0.18485036667662333	0.5563107766620232
-0.15214843449420284	0.28489436421272146	-0.09917885048758265	0.03914109568085316	-0.21132400305891685	-0.06425616422227716	-0.2026713992022428	0.11270146635867562	-0.346293738388714	0.2086039077966447	-0.06703573789608797	0.10359744879518572	0.230194602506042	0.08898423044897444	0.019666993582534396	-0.05246562291539835	-0.017478757881352454	-0.008014662860381485	-0.051651881760729254	0.04437979903340417	0.4819434845108156	0.14279036491176728	0.2617996526633645	0.4613462260175503
0.27993627389626424	-0.027383686511825003	0.15365590453863512	-0.22569371119643195	0.07721097335521969	-0.17880704442121845	0.10028138485055862	-0.281306944055133	0.02563351570871788	0.3793205155085658	-0.22524094728822897	-0.09348562878269318	0.20590059755098247	0.06984481367117318	-0.015221220122339145	-0.09819284743465395	0.023361512827133633	-0.050664811236370025	0.04398219212062951	-0.1145268256121216	-0.35524770500954495	-0.14406105461948412	-0.16079189017433804	0.5167992523146699
-0.0073914194410751415	-0.27521791518809335	0.2521448206795916	-0.17185152474857837	0.1547167976963829	-0.3925529224093694	-0.7617100776832847	-0.007234096981777775	0.01963405989536517	-0.2504002653908643	0.029434025331820417	0.058767623262154844	0.061606422856175284	0.031046373188360083	0.01615579462082615	-0.010017385853458436	-0.013067667738884622	0.004477157640403953	0.008792130001402542	0.0015961655873770217	-0.0003415874723106681	-0.0014395630365216534	0.0010269963185725942	0.0007596495804256243
