0	1	2	3	4	5	6	7	8	9	10	11	12	13	14	15	16	17	18	19	20	21	22	23
-0.1788681756969448	0.20729456298842752	-0.32399088364336637	-0.13235333179445954	-0.2913528424566911	-0.13068403883606927	0.20194629524934882	-0.023861214953665142	-0.219029720186688	-0.4441695665871	-0.06593732930338735	-0.056345679283074324	0.5011591262360231	-0.3486024288815657	0.048593397160908776	-0.15900993812012465	-0.02858788662850971	0.028053630167680838	0.031025425319815485	0.054266831405190084	-0.02354180110253914	-0.005077969782713468	-0.00306470596148455	0.004154165202248549
-0.2605266008152452	0.0022781714356042105	0.007946316500970958	0.013490812409590342	-0.3781925285129175	0.1722006389188867	-0.20010267017431196	0.2508513291683024	-0.1011907984924644	0.41948406714258135	0.24856339653737505	0.035614846111948116	0.20672537037573208	-0.0748861888347075	-0.06981821312281558	0.2757153467068484	-0.3541665319843971	-0.013988292522449474	0.2946473526635406	-0.0918199984473029	-0.14664927145998471	0.09908227920007456	0.13747580117814884	-0.08142149964564831
0.2410982091845696	-0.03630792446750709	0.04403613058383125	0.19613615519386224	-0.5154596614439774	0.377322949305242	-0.1854286185028408	0.34105095052766404	0.29289810694158913	-0.3425161360205645	0.04388870247115677	0.15080517401070762	-0.07185665468295808	0.02546493248076026	0.028349991136131385	-0.07541010113029187	0.0866464700284328	-0.09509674767783229	-0.2699831916416579	0.09586643366011294	0.05117010664681842	-0.005870874450572463	-0.00024614674302969613	0.003397812486272023
0.0587925538544479	0.3497768647088865	-0.15856114002185545	-0.038601930664126614	-0.24702020019742166	0.05047004017382901	0.17960120355522702	-0.1092803766707416	-0.218052580305776	-0.19416652492760697	-0.16257499057297348	-0.19003832342918725	-0.254395009548233	0.42697090772903873	-0.2586113568899748	0.5053892407278314	0.02759817951789274	-0.03585845285148981	0.019608974284062632	-0.1420501914876721	-0.002465015112533945	0.001962603205597905	0.0041290437413488415	-0.007331466862031015
-0.2602229081908202	0.043826581109207605	0.06531080617196353	0.2952784533515936	-0.024485213461975443	-0.028045999013444588	0.32540222198580704	0.10532183886427467	0.20860883469246638	0.058368995397817355	-0.08641587250232749	-0.04530127447128109	0.014147518951424316	0.029725376447345467	0.0020861013046321484	0.03819274269402773	-0.050570974990629756	-0.026151926440731374	0.18380434846691812	0.1881446167773743	0.594515117220817	-0.3982444232160681	0.18043333172371448	-0.21100925715691948
0.08104702659137936	0.3113382081594953	-0.24155765919867472	-0.06621354732374993	0.43091858573058	0.08908937390926999	0.1873474039109434	0.4025393807932936	-0.0278991944131023	-0.12416052040888201	0.541839734620558	0.3192576967964848	0.0397910398902884	0.1431147251963172	-0.029712583558371156	0.05245148191795306	0.012665355221245926	0.013176083538589643	0.028055593650743803	0.06513366903467492	0.012091318652566616	0.008690203298756364	-0.0021345434590753047	-0.0013736128708119705
-0.08114579406979745	0.34985463221212976	0.0973332578737243	0.0043161991842925965	-0.23694547999192692	-0.012890162614700851	-0.06442249795663031	-0.0011293322095173117	-0.06128463878991274	0.10924600575866851	0.19700565960509742	-0.07103416416518658	-0.25969693796781707	-0.020527466960733487	0.1726192775252414	-0.3347221614305831	0.377945213905342	0.5137944472824324	0.20430967715690573	-0.27081787942856667	0.09519982800128336	0.021067343529877023	0.014447524567123372	-0.01372586819398824
0.2588065454295646	-0.11067986721663567	0.06642787635233789	0.07521260670995332	0.08627137495722846	-0.038734924334927624	0.06141455459186325	-0.011958952057428942	0.14858536412298812	-0.29414371770417	0.024879326700801375	-0.11951560550795025	-0.06910433716668454	-0.06342052276580219	0.13059054063628156	0.06729051368097827	-0.09097554531297704	0.14196937870290804	0.32216238661138535	-0.06505788831892738	-0.4581839980083873	-0.19040502450074714	0.23994191544109986	-0.5511345572756481
-0.06671711945937016	-0.35974858545999205	-0.09826203421834746	-0.0292890839233376	0.06651138936454476	0.022388208740895057	-0.09363649013014849	0.10245350985957295	0.12148448285207558	-0.06993106873279133	-0.17105490671591622	0.24237750046455853	0.3708787458200272	0.15856622639606757	-0.29915536355306593	0.14738746250912815	0.5065656667346343	0.13284672819436452	0.22922472314767967	-0.34188494804187525	0.0741291331673229	0.009267985682962717	0.007862480393915093	-0.023045066996619113
0.2546473610957215	-0.12662711677133076	0.07802275063544682	0.08763341399318449	0.04911089388715039	-0.03035361986531469	0.047226128828781355	0.02814591295022167	0.15684981615069768	-0.26791466529485275	0.06062777198946811	-0.1318336442307539	-0.015079961870951408	-0.11352790344592086	0.1720513521117035	0.17067819532455816	-0.3277014346209798	0.13012725103412354	0.41527903399008814	-0.23523823548969172	0.25996731160869896	0.1532792456522308	-0.20531695755865645	0.47367194993905176
0.26273271916572305	-0.05817391607038093	-0.07378741651263214	0.11471107085926432	-0.1008392659084708	0.2449225139258645	0.24959511087763578	-0.15482169055648481	-0.21712997525360409	0.15964799025861176	-0.14113693411685724	0.2020700871069811	0.22448092103634637	0.5018689436609376	0.1550643438408319	-0.4524922996628858	-0.21445399349422212	-0.052962459687356196	0.1839544925532793	-0.06791312810933678	-0.027251973172403413	0.00978477908762387	-0.0043597779937312835	-0.003662163317027222
0.2537280942354154	-0.10839812769056918	-0.04844586667551595	0.12149594778698147	-0.04332231899703003	0.2533301991857907	0.3472268328357078	-0.06461006568089483	-0.3260534884242398	0.16958608227274896	-0.12949048398998594	0.3772872514619831	-0.25072559414544576	-0.5468142866726509	-0.09530222336471446	0.16849237302412506	0.12365877076858117	0.06953833031166345	0.041344650135141166	0.015575947248813404	0.017923983494028187	-0.005353350534623964	0.0035292174529339936	0.001757299789515283
0.24781677243193523	-0.1412728294808892	0.06867161448582462	0.15775852956625855	-0.04881752871014675	0.04983498569850899	0.2054215038151099	-0.05100030270178669	-0.12426248156378289	0.19207062910082792	0.31504244436984485	-0.3964224050516547	0.36536962561893704	0.04301664051135644	0.36457471673867164	0.29903115345141	0.33209238017953485	0.01856816507837276	-0.2449848221932437	0.03537877027979914	0.0321354503116868	0.0004859747538868534	0.003459633040947859	0.0009190527599032987
-0.2015701815061713	-0.24699356090377395	-0.0769571940894658	-0.0068005888932002635	0.004888877558286137	-0.03385664663547273	0.0012975475596651818	0.32528071950011594	-0.34873240706371283	-0.11732011968375769	0.014982611124507267	-0.16401012089222822	-0.3031819767260391	0.003768365625124327	0.26832933498972933	-0.1333531473036798	0.220448145735324	-0.5596914469498541	0.22355364485520912	-0.16955915874353095	-0.008403592469972132	-0.018214739719789784	0.0012094296290092942	0.014627856421004871
-0.19765102141856872	-0.22910017406415725	-0.2174007459789874	-0.12576531359110973	-0.007465734674502083	-0.0797786090979368	-0.04015667710508839	0.2304567137066172	-0.11568096151845975	-0.031212074516688223	-0.28104006500140094	0.20710095239793783	-0.12503137316172702	0.18834931268753508	0.5178351525560055	0.23492788678709822	-0.11447250858565768	0.4505220777691622	-0.1598492511389308	0.1779344294840795	-0.00019340264268647968	0.01451721866628949	-0.0005966353100186314	-0.006558583431719688
-0.060902328613460545	-0.3562006442086721	0.09855177338195517	0.16234204744378575	0.07553059772307776	0.08449174221804837	0.01953799197396271	0.20453488718133658	-0.4054995408067706	-0.17429737202151602	0.14027315729473117	-0.3266558578216225	-0.054348886803250916	0.06993443946966678	-0.4592195232932729	-0.20098624785569044	-0.1578117088905714	0.3690663983275828	-0.12813771096850377	0.13369448048017657	0.04567155031195166	0.02039109099543423	0.006038647383519513	-0.005072034189702677
0.26433312107032936	0.009173261523972853	-0.0414612314854004	-0.2601424358795905	-0.03715288136892979	0.051038846693526374	-0.34894750763018884	-0.09317110413602281	-0.15363251030512604	-0.004094422771532116	0.009476470865182095	-0.0521358357920599	0.017862788664923093	0.044070658632357464	-0.0242958847642513	0.03957653421310293	0.20147969474117514	-0.01554832116860147	0.4366734715041468	0.6503783773469264	0.19469282577605374	0.0411183626818146	-0.00118830696175179	-0.035576080861436835
0.19515738468702082	0.1732986460902603	0.3435598262669417	0.10983201403630957	-0.07769798962068544	-0.383453280772969	-0.06718607506978785	0.3249876933413511	-0.2038469245822963	0.07627869007742284	-0.15043597472863748	0.13291296333887795	0.13845961235405532	0.038658491957644495	-0.054845425964016065	0.03913052056438539	0.0354348575047567	0.010791238185688504	0.03516592588028415	0.05572903864409066	-0.23458652151432613	-0.5115427947831852	-0.20969186414579724	0.24354626505295823
0.16911724413911425	0.25455396466441693	-0.19489536968913365	-0.09231348979723461	0.2609825361610913	0.34753578829772497	-0.05144987070325624	0.40648789956814396	0.10157260530710267	0.22843493931307896	-0.4659680836006701	-0.4167713977630215	0.09991708629361586	-0.1503297861854811	-0.007760189396271745	-0.08564954309956993	-0.003381647698616098	0.05443849841365412	-0.003978110710523594	-0.08202908309650843	-0.01621708743579779	-0.00507379813451432	0.0034809905807048195	5.5052997900327686e-05
0.2578615503466152	-0.044765647473267736	-0.07278275074648037	-0.32247642336207283	0.026667706644563978	0.019766996326423456	-0.3469363710610243	-0.10081880125051898	-0.24136570548439476	-0.034114900427602735	0.11122079854245494	0.05411993617157872	0.03145717023712058	-0.07053204114504806	0.04743270495556476	0.015409149806307552	-0.20421456816834718	-0.022401129102420272	-0.21817797275563827	-0.380640910541166	0.3954687762779791	-0.4006795106123685	0.1704476032480956	-0.16347929238319608
0.21441888568178202	-0.1567429023388364	-0.2814048617016844	-0.1655370646703378	-0.17604864767564105	-0.3115169951205106	0.17919400627553214	0.10556773744774438	0.18489090391022842	0.16461564623267103	0.05786728982561626	-0.07037817662437	-0.1219933543748184	0.02377382418791307	-0.13056673797365204	-0.11185346296992967	0.027448493391557294	0.016452728395110822	-0.017895385653075437	0.05007108742704763	-0.07981075730343413	-0.038590076331908335	0.6232732369986885	0.3698687915870703
-0.2179987625001723	-0.1483821378857837	-0.29526826658290695	-0.09227870801485173	-0.013923419084417295	0.3781769535436512	0.009217566939065627	-0.23576946558318246	0.1549448586233906	0.02009945115085321	0.17928521524173746	-0.10945572432962411	-0.09356593901067775	0.0034804452310111325	-0.0048491053013437705	-0.006441931248106134	0.037244618580839176	0.06770562132502855	0.07946645167073986	0.06630011129156564	-0.2471850214979176	-0.5859567698153547	-0.24045925686829334	0.28206574721793837
-0.20112662116740804	0.17082920231645954	0.30356008666680095	0.17806775166872016	0.232921068480907	0.3203488458492896	-0.17434632434953845	-0.14775184027670704	-0.18075347875896774	-0.2278519776142406	-0.09774148919035469	0.08041762550920696	0.11173891195332704	0.006529322700523137	0.1348585130535295	0.08245377298407103	0.061356321155359654	0.0019891974555907876	0.011878578250904454	0.025957582118646662	-0.09123769795173864	-0.03621512057132247	0.5736784282460341	0.3405247732847628
-0.07856877394373529	-0.07910241104492247	0.527902382440144	-0.6940120498641846	-0.08222994294519383	0.20430955047539945	0.39203311588196665	0.11801588375167822	0.07772637878891356	-0.054090290331798206	-0.0013809220004414877	-0.0055329274645516315	0.02454623358369263	0.03654194207782717	-0.0011896612966915223	-0.0032684766019367767	0.0015565435500899199	0.0026211969465552627	-0.0038088619908527655	0.011631336515076852	0.002194504689163498	0.0007342793797083982	5.673686286184856e-05	-0.00043667380577490134
