0	1	2	3	4	5	6	7	8	9	10	11	12	13	14	15	16	17	18	19	20	21	22	23
-0.2435717760920274	0.0010253499220169147	0.08283913596190759	0.06350431502519743	0.0040182259732059345	0.027614520515728325	-0.18497919783191114	-0.05438436202191647	0.24398840889121423	-0.19077299476516849	0.22064786500292416	-0.3804152221730646	-0.13036448755689997	-0.1626607818755198	-0.4311535061853021	-0.09027930818596198	0.5600117622407583	-0.0799562850896469	-0.14982698176141973	-0.02326450816395059	0.14711158883076425	-0.017932642457778432	-0.005997436879704534	-0.0022374793120750274
-0.23997358326191134	-0.12906986756441677	0.01599605789586483	-0.11457314950624448	0.03050702245111329	0.13687253934278087	-0.0498434267795732	-0.1506461131153251	0.01945843717306827	0.027517667588609625	-0.22054987947635024	0.03805018882069553	-0.06560569288111343	-0.11048305105969213	0.07227618287168315	-0.10214564916622065	-0.09970590019023311	-0.21526846285664566	-0.12719892700169688	0.026232944523496542	0.021572165792277193	0.0006816183123268609	-0.08569233733201856	-0.8385551601984184
-0.24739189772546846	-0.06306732062036766	0.04785106582391009	0.048264905440275126	-0.03195525704766654	0.09053489396401715	-0.03018421737107605	-0.03210827558441472	0.06251293782585245	-0.011239258538231201	-0.07857693115286168	-0.14360996270214554	0.07598656044774223	0.25279765881595667	0.3715694075220564	-0.04562839416483804	0.029038759508324102	0.490100327520841	-0.2958937847859522	-0.0062742940954275935	0.30774426076594036	-0.3842241315991949	-0.32114686406649257	0.06540618678248142
-0.23774684605472576	-0.09060857368539207	0.023560127804011354	0.18857360815360039	0.0622036374303667	0.05024886399372686	-0.03723190493500485	-0.18956262583738048	0.1468691511666782	-0.31872635020940565	0.3229277297671839	-0.38050991116173377	0.015579450608055571	0.14743616423924846	-0.06254573595905023	0.01634079435690094	-0.6314169260147273	0.001077321357090598	0.19764347366887125	-0.014368698293910683	-0.12720337366736983	0.04868044159684326	0.022758946156470155	0.00493614411024818
-0.15533993986049477	0.25348624974902334	-0.37120130202224144	-0.02832702269198768	-0.024772706961750657	-0.40902004569583544	-0.09357748614884863	-0.42308436022080875	0.37878858464127424	0.3391056228192717	0.2587495126808552	0.15069064647629202	0.12861084713027224	-0.1502821800555256	0.16946891770894498	-0.02346597321056344	0.008999650678824626	0.01831938313985523	-0.002316743295480021	0.009615941156274411	-0.01612257659797565	-8.139268582059162e-05	0.005816300296646278	-0.004091960539906568
-0.025669223071073558	0.48078002052660246	-0.12376758181016452	0.18766132074314168	0.17107266653795794	0.5229581209387658	0.03898227053393058	-0.10270538452066441	0.1791582476860079	0.2055362232608086	-0.07042208376883557	0.180911630855407	-0.32566526667642554	0.3345658666887312	-0.2321972147875084	0.1227090229366369	-0.0445395550593872	0.01759623456285162	-0.024752434760649148	0.011896672185256625	0.02675438305845266	0.008133671260243596	-0.001743045539785867	0.0029093704199186377
-0.21156273138342	-0.2521938919478956	-0.13073753150403866	-0.030887128363779482	0.05035925942266066	0.2432943808917034	0.058698563306288074	-0.26651467131926493	-0.01904995218383224	-0.12559227973593198	-0.10181697733763559	0.08815975836678502	0.038437931057920496	0.03693212387020555	0.16796977041325528	0.056974196257063396	0.345521590825682	0.4072371905755472	0.4243395070680805	-0.16172711938163817	-0.1206821669121086	0.3195393152455404	0.24453456368771756	-0.029985369872797735
0.22847742360946346	0.17930361888652777	0.026815702782233542	0.16402525543505972	-0.008148963739851325	-0.17482607990119245	0.06457392602979484	0.18246501054055622	-0.15248039832693505	0.052910699129376126	0.3764560192825042	-0.15567006334988875	0.013015867333009353	0.3231909382259661	0.12690766582061241	-0.031592261589555644	0.1148322620791241	0.1906862546966239	-0.07954684569842246	-0.03212192973549323	0.14581276143127322	0.02125424979449365	0.504236303601552	-0.4163279577466632
-0.19902150829720763	0.21359006066826686	0.2352188292586106	-0.04513053852129214	-0.18027092635533054	-0.13935942267249862	-0.22165287085326482	0.4052530299520987	0.306430150221662	0.2941446738245519	-0.3749607752044918	-0.27010543533790243	-0.07651172015372763	-0.07992314178574508	0.014831165158837634	-0.06080954648689519	-0.12529007346437152	0.24262219192233977	0.1817846804725383	0.025843127876650662	-0.12719334253611275	0.19917369480843994	0.13262836578417478	-0.016690211406653947
-0.24569446836475117	0.007769110123411413	0.08515559602744877	-0.005492207959141195	0.05034473337213489	0.029484754048119233	-0.009042831464709678	-0.004172417165332801	-0.26904841318414524	0.30988532085551224	0.14039045538677636	-0.2080962681619769	-0.17032636076426758	0.3055261256079019	0.34471835043367355	-0.34826652830006194	0.19605276883262207	-0.41868971150249923	0.15234706247012303	-0.07015589428273462	-0.21717239979680264	0.04652480745355684	-0.14519357904539648	0.15034355509960695
-0.23502476392629323	-0.09732161544068053	-0.12711870834286323	0.10635204847830514	-0.17722998269814538	0.09453654311929675	0.12421685361915133	0.16965273675228368	0.07282426785036733	0.17361795379452644	-0.060016569398533656	-0.1375406855448753	0.516768180156878	0.21232179797456638	-0.02660719688692792	0.574324473564444	0.10397196195606608	-0.3115232155053395	-0.07704273586139093	-0.07872267031653264	-0.001097233547730014	0.039396916669302014	0.02973328247394576	-0.013523483180972
-0.17728881649525535	0.04830584195636422	0.06290825979871684	0.38673607653243297	-0.35098551455138155	-0.1272773382159622	0.752365109467048	-0.011399868583808807	0.10365308434333244	-0.08633807039031856	-0.09557397430722843	0.066768148976929	-0.15603285842492928	-0.12953053603400386	0.0002972685104749323	-0.17885405982737912	0.02884706433377225	-0.020714484542996972	-0.020130679216367818	0.01292694551256667	-0.01914089143427105	-0.004491419704840636	0.0037162023634763645	-0.001261631536097312
-0.23582226865968958	-0.08410238170086194	-0.09461203459310431	-0.1222764929916473	0.024026252402666072	0.09684470886220745	0.16371473138811005	-0.003751518999398363	-0.40861576262710586	0.4484486732214875	0.14001996749292223	-0.046185861470603586	0.23851058882019266	-0.11545816983547125	-0.4917701947294611	-0.24459128214614634	-0.16234745223667937	0.28582834295202	-0.03999026622106236	0.028276457531423122	0.0633597488850799	0.019588983613577155	-0.005138703786488817	0.008278051452606324
-0.1903654727463225	0.19915006665650203	0.383866165727474	-0.0003395059559030766	0.14245288324330835	-0.19758014624645137	-0.03332399696830722	-0.1612843208567467	-0.10511988084302543	-0.1719279549918341	-0.04386060356376665	0.21420191619324552	0.18669918140543593	0.17682909432825525	-0.10726481974523135	0.03677452991679675	0.0659866811627444	0.13895110404298988	-0.41748548331757035	-0.05497101216480194	-0.5564940708465079	0.11037242226337116	0.006987191257255501	-0.0002224471160447914
-0.1871181815956136	0.212939573471738	0.3862906417521407	-0.02740754375902962	0.12176744384349994	-0.21651124252167311	-0.018313986268141416	-0.10935847665987114	-0.0315425352173617	-0.12106364337165648	-0.11533698332597893	0.2605886038051916	0.2588860351299985	0.19931487853206437	-0.13954230472630172	-0.09027963090699458	0.0034701920776201455	-0.15587332239069504	0.4235669940902212	-0.031054773679189126	0.5054320746988301	-0.06491372551141697	0.008965078638036904	-0.0019649289948747354
-0.22353726726746484	0.14374204687372039	0.22428509137024197	-0.03558002202831405	0.14609454088201837	-0.12665277869714367	0.08009642073055359	-0.09166869510198075	-0.3498695585151286	0.10741043682600308	0.12482666230601255	-0.10261441211052177	-0.3796976011383306	-0.3343726979198411	0.13795392029559458	0.601708584916743	-0.009146980347715494	0.06941594370374365	0.0740372697991287	0.07655061166678838	0.09083078967595197	-0.060345302899849504	-0.018148063078899046	-0.0038150380987500756
0.1795765610658298	-0.2177285601479451	0.3785622725697019	0.24701288734861812	0.09742208039678145	0.17756879795108593	0.005389371515947528	-0.1092097310465328	0.19739200803135906	0.24875673022690153	0.16234000156343956	0.04395528881901331	0.18113217460001413	-0.057619840919104826	0.06465274297992263	0.008769993906467408	0.10884991748689722	0.04221057437315199	0.11968995856683946	0.6718363887432313	-0.1013352272754258	-0.017706940612515404	-0.04343196090398523	-0.04171337840191339
-0.2419465638225286	-0.043622295697511686	0.06121074907956833	-0.17791665912270554	-0.006959680059487014	0.14566635115951754	0.01477519207346998	0.19155263818434765	0.08659098424888723	-0.08528077021989858	0.24323495676538587	0.23819397168960652	-0.050449420409814955	-0.04350035366604184	0.20359308493302403	-0.059737621489344944	-0.1186144170240078	-0.07260111006494933	-0.3425929718252634	0.1643333610280152	0.33614135026097935	0.5971771433923244	0.08155001246186297	0.16085955081700526
-0.02462911529869722	-0.5251156442244492	0.05101781400595003	-0.1020488851275788	-0.13788995683410996	-0.33688899481576673	-0.02913002612176791	-0.059909417943346845	0.13874571583967055	0.1946505738220404	0.0015726811580803563	0.18643687489063576	-0.42276207750308653	0.44610700332894354	-0.26976536037332355	0.1622328928981999	-0.03371813010310496	0.036728283584520245	-0.030453212109008646	0.009882491055917103	0.03617736598582534	0.010322207215357928	-0.0015926733878648468	0.004829133191719097
0.18340591199748452	-0.19217992269137657	0.3994507584471541	0.2156707768252822	0.08922411108146641	0.16100186319566645	-0.023743295736528853	-0.1015808401350754	0.18341991229468518	0.3055574194444216	0.11548217548825776	0.06769471661661644	0.034200405796593766	-0.22467315283660808	0.06861406506549617	-0.011417822890963011	-0.09396035948776175	-0.02775638020074154	-0.10888605125655385	-0.6662246320570073	0.08769487306828527	0.01617004558066898	0.05066315672732516	0.03670871896651527
0.24223084865018413	0.12297574059640634	0.008250612952706057	-0.016353882599315323	0.009706454899425369	-0.11195754655859366	0.1302310380724853	0.11734524273588387	0.034638012714607494	-0.014036596533340141	0.1943633664603685	-0.07486108896547966	0.04752862260246796	0.0902317466466811	-0.06835229612026653	0.0923777749450688	0.0890029085791884	0.1726854203758753	0.1719004279170186	-0.1303438182879922	-0.005032928903317836	0.4104376168918694	-0.7125532638746406	-0.2315703260758976
0.2320578146310538	-0.0008938122657735639	-0.04450465726927179	0.23400995303243227	0.06860291616467344	-0.15175221277598724	-0.03657748863026384	-0.4465120112476992	-0.1851123409790595	0.07797624618137797	-0.437394955961075	-0.37555354302725263	0.0181474782856941	0.06912478563437627	-0.007258824475444528	-0.013089827708930166	-0.03750087809254067	-0.05030928162731525	-0.21938115079911336	0.09572453874380203	0.23796464556893387	0.3909030531589007	0.03839242971389437	0.10388847664840187
-0.15857961035941384	-0.05094756234793128	-0.1474104561135912	0.6591398402986411	-0.22701884434138989	-0.05421085512091834	-0.48480576754964744	0.13877024332700405	-0.2845010872032141	-0.037962354891361905	0.03065159925473455	0.2999579780706586	-0.03687417383849033	-0.09134667828821423	-0.02188922970493578	-0.013874065764162235	-0.0031598139118739627	0.030306524567859774	0.040658661908500995	6.811042012700016e-05	0.013008555331954361	0.06820530463361857	-0.1204575485783429	-0.04131369386422939
-0.13201568811998635	-0.17338847354381337	-0.21815915830341304	0.24914042198429728	0.7887674056399402	-0.2276264188164507	0.15085203062945182	0.33020481999346274	0.1261126324390205	0.013901294940639571	-0.1260039604418394	0.016294543866709553	-0.0065197421446346986	-0.040818767111225784	0.00560238183595544	-0.044901537697536305	0.021779999223567686	-0.00372309256682094	-0.023586029548076433	-0.005313363609156498	-0.001435420806990122	-0.0032029009584979232	-0.0016827159821134563	0.000532265817569514
