0	1	2	3	4	5	6	7	8	9	10	11	12	13	14	15	16	17	18	19	20	21	22	23
-0.18351869209726057	0.2719245562129369	-0.19779271650792063	-0.016510001408555613	0.034667020213143766	-0.08767948700345962	0.15743740356313846	-0.29487283435487016	-0.0015840432424704726	-0.22547018929530818	-0.06847038793108418	-0.22292989572163405	0.09935751303459085	0.5538932198719675	0.18874435343841986	-0.4782478419256968	-0.16890437483131554	-0.031399880618137886	0.004208086240550854	0.11501637375937994	0.025523081957347066	0.012167246707553613	0.04803553115770343	0.01578224741319059
-0.2954857582622097	0.09413560907228845	-0.06969435890372024	0.2041767231773852	-0.006092875394269976	-0.08739193913051435	-0.019419914541997863	0.11935616129699808	-0.10100432633757168	0.009550337627334739	0.10955753520220213	-0.21760567734430333	0.022444566380840244	-0.018368735649416844	-0.04679564193262242	0.08039318187702668	0.11933277243760289	-0.4384711778080458	-0.049008613137952434	-0.13164805072645944	-0.2605671639387331	0.1296395032458299	-0.12667971497344574	-0.6548753680194515
-0.3086881884519953	-0.014437712809124736	-0.02431061679356434	0.14636197148444885	-0.12855840038869568	-0.0871282984866512	-0.03389395837909964	0.06143450739938626	-0.3035208562749557	-0.15360278403964123	0.19169784067711163	0.004615685715691734	-0.20744919524179736	-0.2147202374368279	-0.11366098677268974	0.01365903522829297	-0.5297170741207398	0.11730730501689565	-0.3667892534149151	0.10963353336108325	0.33510169357101144	0.19872417121827543	0.07590642153105838	0.015937795198752307
-0.18797934678839898	0.12652376445413066	-0.3387865058851959	-0.050956562493071476	-0.03179527853907707	-0.11509848835024554	0.24075163235766722	-0.585247753742159	-0.13433823099701692	-0.04126772891003448	-0.11219833606775322	0.3555585700971855	-0.12253749733184514	-0.01921763383092864	-0.19656097520685242	0.38754722031816036	0.1847217975671065	0.06783121727853565	0.00034973639778102195	-0.11029403601967537	-0.008815120139905437	-0.012630185841392408	-0.04769048866148203	-0.013193074106910434
0.20272751892891347	0.22805505647524896	-0.07732207197881048	0.04987170559766905	-0.23061877737482037	-0.4558642783438893	0.06430611964514803	0.1341953954035544	0.0028491545915831414	0.008114866667085966	-0.07997736605597239	0.029873164464764488	-0.044722248695072034	-0.11418435438026202	0.010908694406944414	0.04582762868837106	-0.15082814381860607	-0.15271643589791378	0.2788857567582859	0.36603641387786967	0.017097877763453034	0.004180450035041539	-0.564640731014867	0.1170692623958045
0.07058599290349203	0.1898447996708157	-0.33766297775833104	0.05009101103139044	-0.39199065210853645	0.27924797600037093	-0.28738472082453104	0.03127731325026144	0.13497100637939538	0.41335783412149396	0.42530948063567386	0.2428385831668251	0.039811587338280385	0.2720994774460984	-0.10970916735147941	-0.030148366103267453	-0.0922333325518055	-0.03127896459386758	0.003481830038563172	-0.003619667813504588	0.009801061016283018	0.007080241940590536	-0.007678189793279161	0.004730083064587433
-0.15945113690474197	-0.05213748977854411	-0.3938947838915612	0.2215927820495279	0.1165744448741271	-0.12306343440461648	-0.008893340903161094	0.04763144943147028	-0.16666496115149326	0.1917297287606369	0.1689702215348753	-0.10947602569715323	0.017667939540306786	-0.3295790775481718	0.34515487613300794	-0.23125377374983203	0.12847190675675257	0.4945864095175766	0.1402600613260968	-0.061821321863710414	-0.19536388852401962	-0.1522722341504024	-0.06259528861934446	0.0035753862778831907
0.21493413905252018	-0.21450278686349805	0.2121502163993112	-0.12614420029227202	-0.1902696792316917	0.038200122185775044	-0.0777271781683345	-0.1880625287802096	-0.16540048375298777	-0.022368866272543395	-0.09511377782265999	0.2718595211785788	0.03952728444948197	0.08059254492004825	0.17354375591039847	-0.14811128778875465	-0.08577451152115041	0.33618352628315756	0.13274941677888996	0.05129969018657239	-0.11518704025179863	0.49205804283570787	-0.11649739918428116	-0.43276504743076755
-0.18780588012343127	0.166659297474993	0.3289380861508505	0.044608584811202875	-0.12987012393875472	0.0021147910899508514	-0.0433581929577371	0.15801890746214425	-0.12443701382673131	-0.29103760643373566	0.22400614572972055	-0.09307773086728102	-0.15184911087069453	0.28094775934928323	-0.3593004335492433	0.12650371438453212	0.054243605967921986	0.4196826676610218	0.3071471923024201	-0.061231549212746754	-0.21968595057459617	-0.21782670640218954	-0.06344133419925632	0.004852045817181346
-0.13348066163601727	-0.23381114355016588	0.2694503365210692	0.13203324724176135	-0.36504227628469227	-0.07501643164578771	-0.1700428539503723	-0.15423701729732542	-0.5072701313874993	0.014601167938885527	0.022386629444060974	0.15797805940555645	0.09484031259800607	0.05990438193443795	0.2308301848044339	-0.13467123927956723	0.22725808057135558	-0.3124395213736523	-0.02186830534275862	-0.012198580668351089	-0.007164305254357341	-0.27724227179840993	0.012847280288462059	0.2278686490161866
-0.23529596720976742	-0.2309486586542236	-0.02574416444657657	-0.1519858471559802	-0.250677927124358	-0.08763825744858361	0.11738934370896863	-0.026585571916081466	0.38127972587930453	-0.1607183339169105	0.08684309688919667	0.17191547726395734	-0.09580418537918235	-0.29738270896087293	-0.35877295385747066	-0.5497491102783901	0.18282091943661713	-0.08285287583859585	0.040282011386841975	0.02677626126136202	-0.05145093641174596	0.013687661583369405	0.013343817598858256	-0.0055246106366216505
-0.24865872553583906	-0.20193047011304466	-0.014951486334552485	-0.20731496201937927	-0.2300542837155971	-0.06570080220334444	0.15277715014549867	0.163094277692162	0.3659156209126205	-0.17260043578124418	0.16167430878570804	0.08250651310358038	-0.274981517517126	0.16049827893340723	0.5875189923736683	0.30956015244672563	-0.027317187368797676	-0.0050985361121346235	-0.036206793269454376	-0.05625028519937072	-0.023392506079794557	-0.039956074672559655	-0.024480389855539655	-0.002414615750600448
-0.2159068942466333	-0.23996261234255925	0.0677540847741565	0.002548512392195827	-0.35084724088181424	-0.1602958183024272	0.026687824735645724	-0.17554294910522172	0.22013081322812228	0.2367187146123704	-0.158595562830737	-0.38212053806099633	0.5502703207640203	-0.0033930793625923036	-0.12630428606467112	0.2295720587704424	-0.15855315324368122	0.19057852557553298	-0.01671269012440002	-0.014539904220905606	0.029147175139853237	-0.030388895265035357	0.005118964063098442	0.003559931673875141
-0.06453955355632791	0.3099605440176994	0.26405633268197654	0.17473404303607257	0.06509136729552249	0.07070257806973908	0.01708921657360323	-0.16110113213092342	0.19023914709166548	-0.11460681565623863	0.10591431607313595	0.24794161599175168	0.25514798633075453	-0.2596978174554704	0.18305809108956614	-0.07115466551725533	-0.3223677191088432	-0.09147018885434076	0.2773732725462257	-0.49654792038324513	0.14265217594431728	-0.08502056585088406	-0.08507464960105596	-0.01689454141019543
-0.09926998068295516	0.3282940202309445	0.215459436702332	0.06365430844223553	0.07235813624583158	0.059843345443566086	0.03559929720008443	-0.04415605874193123	0.13130245057398407	-0.14529088196737078	0.2360302177735803	0.21145406758493085	0.3867788341651151	-0.15278163816473297	0.13068665166124505	0.0920710417508468	0.22235954791278872	0.09763336691035786	-0.32966120960176415	0.5214282310646536	-0.19305055014975508	0.04545882113187204	0.060601567265502365	0.006581420247046942
-0.054579152576560534	0.18668995073006725	0.3688000746724167	0.35056533651318	-0.08246685540399576	0.03699462069794388	-0.01928773536241695	-0.33389153608471595	0.24727305441621952	0.3847921584607422	-0.11903682923030348	-0.2083587553626812	-0.5205618552279487	-0.05536863076280634	0.08629362209794045	-0.05970212973077336	0.08933334517414455	0.05100630791695133	-0.04687348695394956	0.1118772293645969	0.00030508986971642294	0.06810423446070717	0.0354681136106551	0.013715101100392833
-0.20932818118794194	-0.25000509278321187	-0.04840473467996438	-0.02962064385655613	0.18449681809533133	0.3717099775737496	-0.0227103224077677	-0.18304223463545252	-0.03237549165264336	0.02473442864841563	0.005931241253423166	0.011317271774119212	-0.05471189947909662	-0.11119216073056082	-0.0075649806487257665	0.0940547890961968	-0.3929549575179389	-0.20723886972229805	0.416592079086112	0.41664037214259125	-0.30844159651278785	-0.11239436988924663	0.07247950643233969	0.025012367112077764
0.04001373947020842	-0.24795647574075624	-0.15731583345499206	0.5820998545015424	0.09278079414079037	-0.16626949009023836	-0.2959582944010095	-0.03733376211114147	0.20856649573122601	-0.31999028496110055	0.04738757386852029	0.05082169511788915	0.05985206955423909	0.13967695691260182	-0.030474051250989356	0.1261888943441265	0.13480783188666895	-0.04949281423486487	0.19314240900022875	0.014475213938751707	0.03336090934815498	0.366601284323734	0.13955551589692408	0.21047852109184034
0.07072584386891366	0.23486585852984476	-0.22500997913705043	0.041294612141546755	-0.4386986298047583	0.46593709022089186	-0.16873653568193933	0.03432739252451818	-0.01638550397140879	-0.3966847496286132	-0.38551681357179335	-0.22007552789364218	-0.03317484982954913	-0.2613637578040283	0.10332445076304572	0.04111189351930084	0.10121747080017238	0.03769345747806611	0.001420216014001185	-0.002739888015736257	-0.0035230368414047924	-0.009009506682377223	0.004805569908311708	-0.006594290017442549
-0.24874898114276836	-0.17939036359673832	0.039183087766817004	-0.0043243761009778845	0.21944265716053793	0.3881481788494771	-0.04931728136403148	-0.07304706176653505	0.0156504369032761	-0.009965601893603772	0.08264590567035632	-0.0930101142426772	0.05090891550425061	0.09243033420043938	-0.02105034407858646	-0.02637950076530688	0.19628578895436388	0.04248797429139914	-0.09060940803177712	-0.0027586074644462165	0.29608928652216737	0.1127579653771877	-0.7129164072915001	0.11190743308081323
-0.3075746551120435	0.0701230565947037	0.00821165174507961	0.10502301911981556	0.04294396831384033	0.016033878255418067	-0.04951364730974637	0.29517024633771494	0.02910713535629844	0.15533503786391678	-0.4865785439704932	0.3176766973829243	0.01640077490235842	0.13260013205536259	-0.044001151578159384	-0.06933638457823023	-0.16703222938466877	0.039983414328465694	-0.22452828273764672	-0.16509942435211739	-0.44640967836872475	0.14177868867457866	-0.12925900073363275	0.2592224972564797
-0.23889022896396442	0.22308907820884855	0.051861815106084994	-0.26271276359661067	-0.06344842465589322	0.043155180483302025	0.180643099145018	0.12997751737234414	-0.19660074891688545	0.1754045905382182	0.11273287197324043	-0.15475399180473204	0.05279881415212562	-0.0976264633971642	0.051232065963467625	0.03926235916016757	0.19758343593952316	-0.10329107065290118	0.3414149737871422	-0.05556064838911805	0.055201210878065676	0.5755996085312834	0.19367681479419913	0.3197619088308624
0.31008220413272913	-0.06099589450652801	0.005267859373088671	-0.09611266846357411	-0.047706579625109886	-0.007933946785591131	0.0365897670221571	-0.277369300030153	-0.024165980998280333	-0.14337259120382226	0.3305142957330343	-0.2775736978799131	-0.0550626220997906	-0.1007425315442382	-0.021780839337084617	0.007709923683003689	-0.15397204860093222	-0.08998885881512378	-0.2757993739187332	-0.24827022748775787	-0.520594655996039	0.16051398822088647	-0.18120198406083826	0.2999731572999283
-0.19148088960898021	0.14703983548231842	0.0037446115230677507	-0.43622646008289867	0.16712462681955476	-0.26910102341771885	-0.7725849258653471	-0.16510113826553985	0.07752833852457752	-0.028045017523903037	-0.04514729003526263	-0.058665412837499514	-0.06656594482273695	-0.08733744865553968	0.04267887606350327	0.021185024443770864	0.011894201295865714	0.002555181149310696	0.00370824015556017	-0.0074400885134339005	-0.0023440423680662348	-0.0078451468130289	-0.004942853100607289	-0.00039098339440039745
