0	1	2	3	4	5	6	7	8	9	10	11	12	13	14	15	16	17	18	19	20	21	22	23
-0.193637847283045	0.07236736893902171	0.32298895204340833	-0.2245769537124766	0.03648046993523207	-0.06568007922318678	0.06245557663492804	0.01988686809893992	-0.03796191988580326	0.20906248365063032	0.2809526954742661	0.17622516314320977	-0.5353123575194468	-0.2489020406100371	0.22215960051034364	0.04567999169572098	0.4086941812207834	0.24146930054043178	0.06526507094988655	-0.06094918841046304	-0.02058586405850103	0.06067866407842243	0.006800347829637085	-0.003758937819623545
-0.2737847979218461	0.07164490996486379	0.09682372494869665	-0.04718089337315636	-0.03534431601180701	-0.10556057294494144	-0.1352543615282585	0.06831843897605025	0.05748937624203777	-0.07979732169261096	-0.23832775042483012	0.025426102539178215	0.04024574555259463	0.11882165073923921	0.005744420173299587	-0.03735471462545374	0.1472214591263835	0.016214746563792265	-0.3392105052470054	0.00930623684695495	-0.09453553063877464	-0.06253711782323866	-0.3871478484188266	0.6991780381757211
-0.26559087103025963	0.13020977971582195	0.08364851434978077	-0.0971925561871061	-0.006096546108492207	0.019281865212993406	-0.17520342009640422	-0.026773655808923536	0.1089974884954024	-0.11257011294429577	-0.26865431022549746	0.04372562276117705	-0.024071410800725987	0.11962713790160395	-0.08599249997282316	-0.01294302290654751	-0.08059754102251938	-0.05425297986214058	0.35165974800923205	-0.5627249532311334	-0.4741488478694025	0.21750691123777527	0.12301685637973202	-0.07827329062152102
-0.2029543170762371	0.21794493299159273	0.23765902598983327	-0.14710856362633537	-0.020726379195221554	0.010921504984914123	0.0640188745622989	0.014843915284722583	-0.043533378997905554	0.198610069402657	0.17847366818889143	0.2709921509991477	-0.13181990483840003	0.005143434471951413	-0.02018258236804025	0.013569770101838958	-0.5090608669349752	-0.6132069064205388	-0.11607505108466154	0.09465925347371452	0.019445899723424708	-0.06785349684061842	-0.03280003487941713	-0.006042368477576048
-0.07218353464989619	-0.10133872490066205	-0.36979545659518315	-0.4610808931913909	0.04925629781649741	0.005010639182855973	-0.24336486976724164	0.29875170911928023	0.15668398464783814	0.5723318873308161	-0.040062000972125894	-0.3485236208465626	0.0215579011110411	-0.06250177625221356	-0.007819119797956287	-0.03995691687603103	-0.045314485593707515	-0.025377923571603938	0.014722592585000659	0.002342886816783132	0.004337050835930815	-0.008050339229056982	-0.0043269726766971515	0.0026690536176354716
0.05289162571941824	0.0404048369540792	-0.33374570996645586	-0.48243699218630953	-0.4065225162188121	-0.4024524626933585	0.37208432909911876	-0.14515694332629467	0.23040690211002207	-0.25978995242301184	0.039727790471108894	0.1955236322273107	0.029502480776535958	-0.02649578451362149	-0.033395774357458136	0.0368427150218032	0.011991862243045562	0.006092163061225308	0.0024074225381874167	-0.004177004053409229	-0.004613322670361353	0.004651011161637196	0.0033014929191892426	-0.001853782216057233
-0.209873287114233	0.2966293255494827	0.08454211257402566	0.046392828696405757	-0.060104333538255575	-0.12277928309778183	-0.0803570560783941	0.11800542048449209	0.04988905914012756	0.03472095998507837	-0.23966842182534534	0.11071145693291846	0.07921462739168555	-0.06544369338101179	-0.1570840054707453	0.036457327997986226	-0.07408717483749556	0.19031554972704928	0.632980809485196	0.30810283088639495	0.3632053384035671	-0.1693410071391278	-0.09683497108725651	0.04865678172733099
0.24030285477741506	-0.0369511014803698	-0.23261441680452188	-0.011546590079851331	0.06967687915101473	0.3680989766747151	0.06739352665039675	-0.2275312991146626	0.0031448659933202413	0.030791944462603096	0.16978548191393467	0.10082366000857025	-0.04853257934433595	-0.25263366496774475	-0.006260395472576409	0.005352404299041997	-0.10690441062446697	-0.05363253923087951	0.3275747911114879	0.001351984975281317	-0.07305621145214217	0.36960688804082464	-0.506334343814055	0.25268890245868686
0.05326154942804656	-0.41490624281120253	0.11074240048351927	-0.2541364736906301	0.09031609530287067	0.15216936186988642	-0.15302657218570592	-0.08156934826545789	0.1837162787833348	-0.2523391281255173	0.004913143017525901	-0.06388071529787523	-0.33584354596888966	0.5544949898535196	0.03101380195053039	0.08257875572344428	0.0795778725192747	-0.18960168372094802	0.22725379958651917	0.17447841120231763	0.15656471164937993	-0.07945327291078967	-0.04340044586315736	0.011744662951283182
-0.21116300190158285	0.10955476585575928	-0.2405932831560468	-0.15147641328861514	0.0471785026758463	0.5359290954241385	-0.20319970177085078	-0.30580273620077547	0.1675969463563279	-0.11487839660378986	-0.25511389682690966	0.3011135160173314	-0.05298323803792753	-0.23188440921130046	0.002669162025339682	-0.054590006578404564	0.07563782832840776	0.060554595847157465	-0.23829148972783853	0.08867417507877737	0.1117876572864602	-0.2004066109966871	0.21112559013765372	-0.1022558203288653
-0.2627283725069225	0.09878687208585032	0.05067509314960071	-0.20926431210470392	0.10873440576260708	0.08402386838673995	0.07436667335356449	-0.29904067540778606	-0.2592121436244482	-0.040977115071336286	0.36261397238020204	-0.2766625507134254	0.11178715653256963	0.0991296842616818	-0.6571256851836709	-0.06674498957979887	0.09787125478347312	0.1021633139584889	-0.028020234097460035	-0.02674085031843967	0.03256235040079315	-0.05090632066713509	-0.002668964105078821	0.018656704430916996
-0.27658742544317094	-0.05691363876513322	-0.02532349544568312	-0.08385004979535726	0.061475360389212585	-0.1415315178438919	-0.02384078027403965	-0.302999611892434	-0.2080236521028492	-0.19365771748529623	0.016373314655591213	-0.3398380061452225	-0.010860786093278509	-0.10012996299559616	0.49951325688879644	-0.49005168048662817	-0.2802950042339935	0.07514234732383597	0.09233690104922872	0.06484670803978732	0.054945854891258236	-0.0005834951632766637	-0.003251933490584276	0.009194867712664163
-0.2803157345927872	0.0057211685154788545	-0.0551744836584479	-0.0692625746463362	0.056212768418824735	0.02438980497246382	0.03547423325519969	-0.1997965477784113	-0.1923058124347321	0.016413095941285583	0.022143419372063412	-0.1256277246010245	0.32104930128343445	0.023206205423528126	0.35229420795589284	0.7514091540662305	0.09258880706484537	-0.08931639330121605	0.05017374480484297	0.042281974283392046	-0.0072967698186790055	0.03225193572047516	-0.009400711822476529	-0.026800218122739045
-0.1427693973341774	-0.33044053471451923	0.22012300715258026	0.10592990084902124	-0.10117392134476964	-0.026011897364639693	0.1325224105934207	-0.05325088709940955	0.25352662299701023	-0.04077386258427235	-0.12559783564584145	-0.2321148791820172	0.13496301245410222	-0.4818851822601238	-0.12284199935914143	-0.09491992556041388	0.3337694210658281	-0.4870760704573686	0.11450446021297588	-0.01314677183211217	0.04325114954154899	-0.06897092243450281	-0.013216397317616653	-0.024285857856019208
-0.10888743580148544	-0.36025220068804664	0.23710224029132454	0.008679597267411623	-0.052990165099768886	-0.0005328710779488549	0.07037551410728957	-0.026162593761569822	0.2410799379989168	-0.04647896946089876	-0.09732001640143272	-0.13679749422769016	-0.1744222284727341	-0.2480206220128573	-0.18692462655973163	0.3080225378153994	-0.5368812308564173	0.4049329246060615	-0.1602017189165512	0.01797097248037269	-0.01001742410835909	0.06859674812359277	-0.008961625673645	0.017809309333844867
-0.16894767326207785	-0.27894849919283365	0.23597900409120415	-0.05387577545705225	-0.12023193564885758	0.21897268399427403	0.14040570396982	0.026484857364767158	0.23727314814545336	0.23431786059847642	0.2633230806460054	0.3142385434920177	0.5389064052040697	0.21482530356290033	0.1561196989847654	-0.2318739699796755	-0.005629692637321335	0.2228383736650751	0.07392559845265764	-0.016509846966563758	-0.04712651834698515	-0.019437451470770195	0.009372113740473238	0.011214504680824437
0.22347281131265292	0.02481234105624964	0.24776147124643705	-0.2537744653336403	-0.12285324112496203	0.16924866272810807	0.22795936607581188	-0.0521855912370326	-0.2790855033598663	0.12184021843332803	-0.3707249201110974	-0.08544655428131105	0.022006458716830546	0.007503659832327013	-0.021865790222519447	-0.05249279286714409	0.042495789538873244	0.04120827937435706	0.05045702245687192	0.4662934050399471	-0.5033137246291434	-0.03621177524720502	0.0758979849157673	-0.010401330643115584
-0.24307740398311534	-0.1164823549942712	-0.1703696896036475	0.2274020033672624	-0.11765118090755337	-0.06952803062830529	0.14383623490049538	-0.15937954079720434	-0.05325845084423648	0.2411181311707393	-0.1880541876471248	0.05711789039131772	-0.17395650805142956	0.18857619500304001	-0.04449979533629118	-0.04404308680677906	0.05518687625714715	0.042881651866729396	-0.08637439156427895	-0.03845010269033754	-0.10389847090995101	-0.20218433275479925	-0.5664979702171623	-0.47548001671157736
-0.21131351072161075	0.10797234849778165	-0.09712524315042997	0.11352501662883754	-0.6113642947693203	0.43430816281150936	0.0847782188495285	0.41086274860107735	-0.09642303771627296	-0.21583696899153157	0.18093365675709333	-0.2582139176073582	-0.142782650663593	0.03880905236155102	0.07163940687206374	0.017317235641347073	-0.005368354102070774	-0.003828793435329627	0.01723173967142723	1.5277049713356868e-05	-0.0009526077986601431	0.0025194519823412455	-0.002705811306923648	0.0027169280997403284
0.2245673707182756	0.030013282832557876	0.24648425642169758	-0.24832946659194205	-0.1214294511760502	0.1799743810187866	0.2291676234224679	-0.05607802132118493	-0.24297891229502633	0.1318328617562014	-0.34904668758666785	-0.06759357373764885	0.044913384728418666	0.05916151485784433	0.054869976886671765	-0.017843943495448673	-0.02034808804256842	0.011957834587386751	-0.06418655929703027	-0.4783345227161409	0.520267445487191	0.022492560479698283	-0.08302997287412386	0.014890514793761668
-0.014111140443523337	0.427291350633333	0.15497409462947467	0.08238218321056026	-0.010266358412074164	0.03726457263579149	0.09955238788390378	-0.191342206935242	0.49506125900531933	0.10371888892368561	-0.05353097926617228	-0.2914124431944174	0.0008015099756045405	0.20571555333385885	0.05891449247629505	-0.037870394210208574	0.08290895962736036	0.0022317189164007614	-0.16763450901346894	0.19960936976015597	0.1142891686123319	0.48736044612063334	-0.016670584521806527	-0.14786390762421553
0.17712072208892127	0.18507266591419105	0.2593237538240232	-0.31834643768238075	0.13561026713327112	0.029131229194591438	-0.26543218151076126	0.24470903472075928	0.09122613328721452	-0.3645736503161888	0.12134363622774784	-0.061874999402011896	0.23031136141015932	-0.1745162598748235	0.06543389350317699	0.01605294691844559	-0.004938844264787214	0.051672870542909276	-0.1058899421705854	-0.013839411470594727	-0.07419862081680637	-0.1479705642757569	-0.4325294826091805	-0.37389693246460665
-0.22935589154957448	-0.2562698521888427	-0.025402945718679168	-0.1027783709709465	-0.034269341453830864	-0.09716468828763146	-0.17225616045868328	0.20967543419639756	-0.3260661734692782	-0.11532610978898152	-0.1480808494437138	0.25759338812903865	0.07951089767436371	-0.031959320895519804	-0.13123126026639667	-0.0805794495538485	0.07627463664278157	-0.04202392800369062	-0.13051707148501412	0.20513252754652767	0.17155800994194498	0.642694337956457	-0.015228910517667987	-0.1946381247956036
0.21311551569271253	-0.026594744950945513	0.15544149275227453	0.04373419885882385	-0.5718724434348829	-0.13648429066050588	-0.6145314025301829	-0.3897455255047214	-0.06762658271931063	0.17784051876018253	0.10934740383209512	0.004090068085053019	0.03226457961687279	-0.030877805050785617	-0.023053668338976978	0.041015756012460464	0.009230345618831771	-0.001662518831289258	-0.00880788780544416	0.0042364026433948125	0.004091057248487716	0.0005407386049964685	-0.0006068229741489821	7.463684638234658e-05
