0	1	2	3	4	5	6	7	8	9	10	11	12	13	14	15	16	17	18	19	20	21	22	23
-0.24434959205739493	-0.02728027704279367	0.07238152115712373	-0.15837943015557016	-0.05965252198219019	-0.08591469285358237	0.04997828263408633	0.034913799503351564	-0.13368540847546728	0.17032575348931503	-0.15044693708415055	-0.08688605816417257	-0.5223336868477113	-0.375031445393563	0.030208843530677286	-0.2607462420282524	-0.18412694194271229	0.4141261561720308	0.29170350500249537	0.20258451932424426	-0.041993804614573485	0.031328992400446114	-0.005564445324508243	-0.028468210990334104
-0.2446699125072205	-0.030817974907508424	-0.0329554760984919	-0.17500202049515504	-0.07442170615996287	-0.07288777697378096	0.04012682385502139	-0.1921395728852976	0.013125380373845166	-0.13616670695783173	0.22300617516973165	0.0787307748013857	0.14813641132360714	-0.12977602005678807	0.16462144203172643	-0.07281423814165347	-0.21165418650076562	0.0701539714276401	-0.38618119375273746	-0.0344826387741596	-0.17392572042882648	0.0851395369080994	-0.03196771429160563	-0.688257921186533
-0.24680819055738315	0.029078529066759184	-0.09803822242278806	-0.06756182598481196	-0.035105970324064394	-0.012383779988032683	-0.007032896201022904	-0.16346703596727066	-0.049708791465256245	-0.08708109324605103	0.1764553705432558	-0.01932556490406995	0.0421724298984611	0.0908588258862482	0.1522866480558094	0.016150064692037353	-0.022491091767072646	-0.09519271553685471	0.1722370305916464	0.18558293002960452	-0.11588422263209722	-0.853355470591762	0.024062316520883763	0.0704242152961138
-0.22932408957862485	-0.12450187621802655	-0.14717600531250752	-0.2092012041375725	0.04011951892865788	-0.17291404312731806	-0.07693460302925953	0.018283997883828982	-0.3108176321740641	0.18517082168048887	-0.1153309336485464	-0.2965493790733075	-0.26754330020042283	-0.015033858982323357	-0.07847061672192898	-0.11723237313245152	0.06798534228395722	-0.6451601969134143	-0.22339943159821812	-0.1640414762627221	0.08101714092786162	0.023661497691592752	0.006999556216382289	0.005780589501670926
-0.12082525166223719	-0.2605061564029424	0.2930354435739206	0.5139716122340914	0.1548830953744762	-0.5969318917433977	-0.3656296904179329	-0.12684040745379874	0.013349634329986204	-0.18495100172922727	-0.006883804447938249	0.02129869991791099	-0.032492837953001424	-0.019194809958611708	0.012905624725895758	-0.019827426629176855	0.0017135092529357858	0.013066259307076271	0.01735976902967165	-0.007127796303965651	0.00012128443130725276	-0.0037879526577121905	-0.0009508424205399279	0.00028890430145884214
-0.06060554527554855	0.39371846439564384	0.16508691868297226	-0.2744222988629267	0.38654796451512113	-0.12870412783458018	-0.20904209195295392	-0.14125646037413664	0.6114329144425114	0.2408086004869612	0.0484963708821132	-0.26310271195822477	-0.04002676221810292	0.007972172770622286	-0.031779994780892974	0.04506848445939023	0.004770120263446855	-0.02241859606424965	-0.01645065156262733	0.012346665308552607	-0.006108600661537177	0.0008061451803115386	0.0023891214848036284	-0.001593969945795868
-0.13716611663166367	-0.3257005948727018	-0.229561092331754	-0.40383706515499873	0.13760540172019123	-0.19024824742987295	-0.05755097137255357	-0.08704253842789586	-0.08913393022223141	-0.0911342969853144	0.16516113255110307	-0.13552707413911355	0.29837828797257937	0.31947566690941714	-0.05300805568658333	-0.06964430232704484	0.1200008362658016	0.1658842284235347	0.472102355183739	-0.040091477341066314	0.010430116394536683	0.2534630756466152	-0.04333973581711354	0.0040947727616672
-0.053866557342648266	0.3354160237343291	-0.3937642012164059	0.5201668531580276	0.22161195112212057	0.1689727556460127	-0.06506444474196985	-0.03760169578548269	-0.21710657839812098	0.1297120890357854	0.08421465472008888	-0.3695200622427028	0.053836876734588084	0.07991234854436918	0.0020478003147404735	-0.15314828978956646	0.004149457812140705	0.07570312258056922	0.11117117155404177	0.024934837463147674	-0.24908341341623672	0.09751347038600316	-0.14884769580975812	-0.15127156657009436
-0.20324635504529526	0.23514614646919804	0.13889338603037976	0.11319615825448981	-0.25090970701095866	0.1380362267262653	0.04896443445234443	-0.2224284201708812	0.09673915655506178	-0.19520800006190991	0.25828950141295326	0.12078237780916269	-0.2539926291422891	0.08865258303515063	0.31602559558441184	0.08028193697838265	-0.09089857849737704	-0.36648929059128815	0.4074519004062802	-0.06576486743545061	0.13890087180133312	0.3030760433882525	-0.07624498620549404	0.008638789754291084
-0.23540373452880056	0.10800506009220963	-0.19840136879768516	0.06972703333013283	0.05105025138901018	-0.0014547663454019997	0.02499482964797786	-0.15315701443036328	-0.08050872576868415	-0.048992093099607385	0.21099460577083748	-0.10759048228505094	0.13516532755639135	-0.10325775850981414	0.09742349544544589	-0.07250675373295033	-0.20390182828271342	0.23847974885611364	-0.26470008277197293	-0.08417638415197834	0.5753260131256536	0.0504605953022617	0.3613951217473705	0.337038848939837
-0.24642083232244186	0.0305009918056064	-0.1037679995620887	0.023880049768647167	0.028860130597010758	0.02796586752713379	-0.040874669301332586	-0.12149932167249435	-0.021213964993692644	0.1940240369525608	0.03647329535525284	0.3153872799887713	-0.2880208625818253	0.20101223936322135	0.18119313118045222	0.07923430849773432	0.7022257598795028	0.25252558446543044	-0.1988399942313648	-0.09504479872825097	-0.012993024344592949	0.021266422653201632	0.035933625290733934	-0.014882077117698886
-0.24150052698255633	0.011775102492126002	-0.16475484679485697	0.09174672026800018	0.1410993231662833	0.0055663664604487925	0.014118498856674938	-0.0008912086498880746	0.12252574402266797	0.25067567102990573	-0.11402229172357878	0.5750444574293144	-0.0335058068609463	0.35085251311482774	-0.3356929468519698	-0.24877459073100708	-0.39535591253797736	-0.09230321769854746	0.015653839395514103	0.015108698022758946	0.005346102708808887	0.0050937653279471235	-0.004938635047714577	0.011486534621042231
-0.2358139063237064	-0.013748396472177004	-0.2301277641645552	0.05584103200003935	0.2234981229137573	-0.09781583138305654	0.08185105324941601	0.12036005448864412	-0.004662822660212439	0.22634209710783992	-0.11343269633014372	0.2589348391946103	0.2918066030623959	-0.5339133055086631	0.12269698422876972	0.45919166305868186	0.04155337833923686	-0.16076660350791117	0.21604526125686613	0.039051865703328005	0.012754499180426721	0.05956483329549862	-0.019334029874790742	-0.016428371565088962
-0.20829415537246582	0.1870729290827352	0.25249213723899416	0.05041855091912368	-0.32741471033107483	-0.006954085789243061	0.014436841025866254	-0.01945209170801439	0.04698866628697355	0.14559170873610777	-0.19178316905400497	0.005671302435161932	0.48709228777097385	-0.15688285089530987	-0.04734714976162879	-0.5394929512494206	0.3223145751680468	-0.10288268625721046	0.10085038280279346	0.040872421667706556	0.06815615795432173	0.00495355501232237	0.031124920058562752	-0.01235306629520302
-0.22791685710827359	0.10188985954775989	0.19581865767824694	-0.0034637487380237775	-0.31969612966112454	-0.09495782817106785	-0.05866467374149611	0.05491023597456468	-0.15553311824135027	0.3069797348694416	-0.34991103031296705	-0.2033249790384179	0.15981823901530035	0.4039787960979586	0.21842619220200737	0.40830374838906447	-0.2460414193547388	0.17008825658298096	-0.06013800041984683	-0.01606255118961819	-0.036328952253195775	0.03580416757010072	-0.017810486355017852	0.0027635937491357235
-0.22822943972329385	0.15581294320872022	0.08424582151389559	0.0271962649117319	-0.25458889675148083	-0.0395798460682352	0.08727062398243841	-0.18077292048183285	-0.07699458643027454	-0.08114525007177337	0.20865907021420857	-0.08444317802726972	-0.03837471687053923	-0.1051920816257329	-0.7701490183171509	0.3393430302392231	0.0984909845476962	0.07968111975775846	0.011581152397280796	-0.05673617462621339	-0.07419956835353472	0.007213061272622648	-0.008949588650930325	0.008719573766224403
0.12389324925373564	0.3529827356283588	-0.3029881760980894	-0.11891105737064181	-0.17756078322296234	-0.34316178194551156	-0.16612800137682057	0.1318866733241238	-0.056428038706950574	-0.22975915524926493	-0.07483016012489459	0.10693381695273442	-0.037923582950688824	0.08409399238256127	-0.025575868290629904	0.04291996320312464	0.08511834603263568	-0.0696428748728814	-0.09282976130033908	0.6495491365724807	0.12227241239298403	0.129556962730718	0.007788613621218074	-0.03734401880777441
-0.24268890623523504	0.022347615026379157	-0.011785224722564703	0.0417559940460944	0.11850443615650068	-0.043187164550144666	0.36640856783640213	0.10583620828856688	0.1498505415047668	-0.3393690445461754	-0.22071596643485042	-0.09323477071583641	-0.027684948771764542	0.08489673563373205	0.04506862472807341	-0.016075294651013303	0.03604272525687092	-0.0702634607821207	-0.03160126214827035	0.034787573661637955	-0.45826183954689387	0.13705207020049753	0.5610550083567784	0.141570461629629
0.03981666050210103	-0.3500363486676008	-0.4250864096542642	0.204867393590652	-0.46764755130618474	-0.12637771983877893	0.099782130619064	-0.007741008140290073	0.5563084027829248	0.21879904294146435	0.05733423133935625	-0.1982279652133782	-0.08212152646150409	-0.029240075056196496	0.014687306323951635	-0.0048415050176083465	0.005893586171955062	-0.013837712699851918	-0.01214850699724771	0.017077435889873843	-0.0007154649729322023	-0.009423117611005817	0.0030272808697686462	-0.0015901418770895544
0.12270481493894402	0.3636494347831774	-0.2618996964761795	-0.11711193079723324	-0.19204610434469382	-0.3198020433714487	-0.15877823227212387	0.1802757182104208	0.0019275937872912877	-0.17875529697845716	-0.10442272395042038	0.13764122698303716	-0.03768863248705012	-0.08804105540543941	0.04626529927052739	-0.07226748712412844	-0.061816687436771704	0.11335413673399117	0.11031588285422975	-0.6587612368053637	-0.12039135814852507	-0.127986121053239	-0.0052852290356610624	0.03848441381400283
-0.2421965654516797	-0.07175979281892043	-0.06236678052741105	-0.10801264264119403	-0.06725829957846188	0.14436611224118515	-0.2271158179717599	-0.06348280887576378	0.06518938465061216	-0.1763405627034199	0.008012962505298298	0.039475212254048236	0.08358832861381521	-0.13900106978834842	0.0814916327374039	-0.05724813765216146	-0.08081141473212161	0.032903786935884104	-0.2828676413077203	0.06398719460654614	-0.3543553423811659	0.15046644610126625	-0.48085116380782233	0.543429934538715
0.2391483504344571	-0.025144771902762496	0.022193622783571558	-0.0725787791781203	-0.16849095045641282	0.04988146804138115	-0.4210728476781405	-0.1675877228184975	-0.16826623544322303	0.34621416209674116	0.29792029723720637	0.13340770962637272	0.045107125136222406	-0.10183931006989912	0.03653427670534915	-0.0007724511539134588	-0.08153640550249996	-0.07151886039703759	0.044874791538089785	0.06637148897372588	-0.36895745735730373	0.11361230388487521	0.5000970931291666	0.11983556885374388
0.21563284027227364	0.130307834032537	0.10858056826175444	-0.004824395878527489	0.0412162050777453	-0.46716462352627225	0.5933135665140655	-0.13224256509631332	-0.1443067262424403	0.27392024773272616	0.30064311083796424	0.05329159528938608	0.03983771791536209	0.040355429101321894	0.11204401924913082	-0.08233997102120383	-0.028423118102297983	-0.011395158084107557	-0.09397378693892477	0.02207202734579744	-0.14992956375405106	0.042834026719875726	-0.1964784548808903	0.224617363924176
-0.2343098373233381	0.0007493885732460358	0.15939958812433105	0.03501977915689335	-0.019245489100657157	-0.01016927142076483	-0.06489007939622854	0.8004771963655416	0.04010045492410159	0.07233000564123379	0.5074697798030487	-0.03040655501036498	-0.004056992556207006	0.07052848489719458	0.0075324700804294525	-0.030450945697001835	0.015032384809117734	0.004656349701241944	-0.03367294085877558	0.016536924201993698	-0.007440004675417999	-0.004549875785020868	0.0020248862944384884	-0.003971739818494158
