0	1	2	3	4	5	6	7	8	9	10	11	12	13	14	15	16	17	18	19	20	21	22	23
-0.02884625165180521	0.19161228742473885	-0.4017863179406991	-0.31419275651102485	-0.2066544285211339	0.30971934217211605	0.0785902553597128	-0.4066918186840302	-0.14313711784809993	0.02941674701830701	0.0603981979179724	-0.4365310607700369	0.03514129940158897	-0.19491112986303158	-0.01606032051754414	0.1197264284777543	-0.2989407501351897	0.1705788591005933	0.05087380800565158	0.019292927907663567	-0.030432858568852	-0.018605669181701263	-0.004683338323861419	-0.0008125055386524485
-0.2652739936552713	-0.08137286747654622	-0.08563130925539265	-0.16675577178686435	-0.07994616759533352	-0.0026926906532000368	0.08731677353492187	0.24227232660047401	0.08446742412636134	-0.17558793831558117	0.1107867926399642	-0.05411691404239569	-0.07989164963534567	0.15033104016380663	0.15003121864229937	-0.08054861401779086	-0.09998501269952823	-0.04630889546496535	0.040626262010672175	0.5639158241828047	-0.11662843834754959	0.4954393444081339	0.2599126544602966	-0.21352156544872034
-0.2208397837353622	0.10628715339551773	-0.21282734629545325	-0.22401649816871516	-0.1950585808369872	0.006719861407936716	0.1405340541109654	0.5299915922637773	0.0855929979289842	0.30590570827164243	0.4069245741126405	0.1170938485606577	-0.040557741336252666	-0.05394214871852534	-0.07442607117842821	0.05918165619979333	0.055439807836953556	0.0540110234319184	0.0185630345384507	-0.4119033334134002	-0.18726297968634562	-0.028648200996058484	-0.005667041272178156	-0.0008034240396536651
-0.04132737945766318	0.3467563068292427	-0.31982484443778	-0.13518544856804618	-0.13275981525717107	0.15108993740944762	0.018192330680020054	-0.25140504620373794	-0.004065507848798933	-0.16024350286453118	-0.016901017932748227	0.45955363673181215	0.18579011534487033	0.06180045501665112	0.068593031512602	-0.32846024582672306	0.33239818424372036	-0.3835783903023044	0.05454372489026185	-0.023646284006371858	0.05413007470102811	0.03482745317564145	0.006096895029205907	0.008178809639608762
0.11960309087387043	-0.2325725031403314	-0.3763981753997949	0.18067083196461456	0.012074293200165549	0.02220210488910305	-0.019725620869331946	-0.09580314552023106	0.3786055689648543	0.00046822544975932333	-0.04548092228359143	0.09771117178988468	-0.6373979342011065	-0.33782557402505065	0.25084098482820666	-0.004415206803134764	0.07369541904501571	-0.03520588046339995	0.02733930193169461	-0.03603766463511961	0.004200365896338594	0.0032597870545442143	0.005270456509446926	0.002746261793848577
0.10866602803021778	-0.19258610065255308	-0.3887103629101696	0.10831973834829775	0.21498752479413089	0.11786365575297042	-0.1935014298316744	0.3523995609171892	-0.7123642204881258	-0.181272937763223	-0.07065441588239334	0.053163872973988	-0.009007618182735095	-0.11108918803793859	0.07058114400306022	-0.023264348610140352	0.00833678677619874	0.002158315025475455	0.006732766098131851	-0.016806120282625042	0.004546085813105326	-0.001681983567215998	0.004636140133804107	0.0008614617170848011
-0.2772590986971276	0.0374599189178645	-0.08239112617177782	0.03150120253858202	-0.009306140309776915	0.027290496638098457	0.05235320531055622	0.07829321933455735	0.067793559632476	-0.17652809994771007	0.054927929348758654	0.10940782513296542	-0.014767928780573683	-0.041676927641526626	-0.09436400195516767	0.09296388767963545	-0.15732589887691453	0.08465251605343374	-0.40703324391748946	-0.05143973035422004	0.7497454025042776	-0.11637297920845764	0.23550752059616845	-0.051283936973683074
0.26082647536680037	0.16337910461647154	0.027025097510176475	0.07953172127312233	0.02319356768347798	0.01172489848377891	-0.05700294579219629	-0.06648108211595412	-0.09934857206098506	0.36258175582181584	0.030468230835061044	0.10424390676723584	-0.02995180743810881	-0.10896395674331037	-0.11454762935342762	0.014843502057416092	0.056173313059826625	0.022756126478337562	-0.08977851039464178	0.09172822878668115	-0.007586656760669241	-0.07375479554697488	0.19280667781346356	-0.8048694873669522
0.22820189726968845	-0.23126822942445666	0.07637166112750444	-0.20760310297309836	-0.05864510241424062	-0.023428619405001586	0.06315249222730575	0.10353085231816349	-0.0268193336326291	0.2938342647530745	0.05275212219235392	-0.3686141475949414	0.11169291066925777	0.032391114320455466	0.3791485077773913	-0.16570077484553483	0.08781234488353717	-0.4017236768041332	0.20753437373253833	-0.1006412420855853	0.425949712429717	-0.0010671332690929728	0.11239035251013703	0.0015355774739413766
0.24308562550618756	0.22562108797225222	-0.01966187318778399	0.019302162735541903	-0.017511270784032935	0.014449005116220704	-0.025687156863913756	0.07476043799071183	-0.10810377451940262	0.48987822438349515	0.14617282581086008	0.15919785541245712	-0.12787843108934444	-0.08403872659740183	-0.14186923274869753	-0.027337566586123248	-0.02753511341770224	0.013653152510847883	-0.15432360345370552	0.5103607875346516	0.16638275610099393	0.0838501644525727	-0.12792216263898204	0.45111766017614857
0.22972783700136154	0.18808174901904975	-0.14849208100616645	-0.17631106758162549	-0.13116358449392068	-0.27254695986218724	-0.10070127436898285	0.1104382229352572	0.06829661862367914	-0.18083569546742978	-0.1047268003974104	-0.09761961274744273	0.07933406938300315	0.03959107490948506	0.11604142021705906	0.6869967580420472	0.41584582555791605	-0.019510585903580676	-0.08073797966890678	0.108235847970293	0.0390619128941934	0.012686772618006758	-0.022021542233082246	0.0048233509835757405
0.25360972712787827	0.08273893536708928	-0.08483343825718095	-0.14823435203183682	-0.1896949992380124	-0.30276560024888177	-0.14733369784537576	0.28605696255527785	0.24600136974236303	-0.13256024624833926	-0.32432017136130686	0.025211068281102304	0.3113818659592773	-0.4302713603543095	-0.06099872021027926	-0.32155901945119125	-0.2833934974018373	0.1135060973936387	0.001005811302481883	0.03036149517364333	-0.021537350202924087	-0.02228997244203011	0.016611773942632194	0.0017380021954849208
0.23439787826700512	0.21754429349179313	-0.09049873721656317	-0.14524169790527133	-0.09818587041976273	-0.1184201635571404	-0.1413934124519113	0.10938932728721842	-0.021083952201432703	-0.1289228009605465	-0.1499744300419248	-0.21973994994320004	-0.48719919069856266	0.5151212677082788	-0.3595787451930768	-0.22328490454640387	-0.09266131645332418	-0.08854970396581395	-0.015261214154171936	-0.1505996769631916	0.04826231326745957	-0.009241985712364634	0.035331768870797996	-0.010587400350289286
0.24858748658865024	-0.08337450737858274	0.1413708858862351	-0.05417991002770496	-0.020295733093203434	0.45710343595652664	0.23842506067706518	0.17583959645517236	0.10044982544266412	-0.12624830408744314	-0.14463289800062928	0.22644669828019243	-0.009724328530981178	-0.07393857865214129	-0.26671427099485867	0.3613105458205021	-0.3176851232402035	-0.41229511930252466	0.18153928877103104	0.0022985020735227695	-0.014245001932371704	0.009022278161415268	0.03973601237094578	0.002275353535500981
0.20291865230551268	-0.24606748680961596	0.09519726894161838	-0.21101204962178274	-0.06557983915933778	0.4311194689340358	0.27458420284301477	0.11613301843047702	0.07476094365404219	-0.08361976930452242	-0.14452822655784164	-0.10315785948517454	0.016942414723521537	-0.02138707323116644	-0.1456533409441148	-0.22658017272841371	0.49548231994770464	0.3574514504579973	-0.26725114503363	0.053314234982512164	-0.002143681932626514	0.003422093620660317	-0.025926805504040636	0.0006613273796916252
0.2701511137951868	0.08316391389126108	0.040613561126502565	-0.1366512888237195	-0.04705723117484954	0.1330423252465677	0.050492041301769194	0.0212152264988159	0.0025641303999626506	0.02876713482116821	-0.06798982600104614	0.34909389429963555	-0.008299953741382916	0.38155880169926687	0.5911718863970913	0.042610591307668644	-0.3150206546623983	0.37293474251943687	-0.05862122505983928	-0.08960052750219581	4.605189552947402e-05	-0.04494173918428942	-0.02642623232013827	-0.009199230824380268
0.1536636371345229	-0.25943793283129396	-0.3167771009278545	0.13962836102087195	0.08426574150680603	0.025670478394750833	-0.07837899469174765	-0.04629615130303709	0.2186260853417753	0.08716493683719934	0.12539354583290765	-0.1176663309233896	0.29874451687548287	0.24683976740431596	-0.015489141077286316	-0.001087578471782238	-0.1595207614124029	-0.28838319944263013	-0.6046139361711559	-0.02225366351753442	-0.24158734756185724	0.008576718188607134	-0.06852983091205536	0.002601792627419554
0.19388258613935674	0.2852440371921862	0.13783733962414899	0.13624048386050655	0.12457871143101072	0.19323699679070985	-0.1273772648847116	0.14890970524238362	0.1297780973965529	-0.3471454674406336	0.4977543370819183	-0.1915643913793699	-0.01078837004297192	-0.07829009786749504	0.15066286798172543	-0.11518908677183877	0.027049741447431785	-0.03066396520358071	0.029354106487216425	0.17082381694027834	-0.11424675945968488	-0.4378760391957467	0.21880694607567167	0.06184258581939722
0.08795837764474762	0.2849901003516304	-0.1950169626883253	0.29167984888171006	0.27331254387522236	-0.22581599776805686	0.7775431508825312	0.08267197415935447	-0.028753618543719044	-0.02464999370614808	-0.12443015883920168	-0.15431284606567147	0.044488758095951354	0.02885526242783641	0.05499021578965155	-0.05562152984621469	-0.02008585257642393	0.005937793713105384	0.022319979021639978	-0.0042959781105893265	-0.014814577556367899	0.00019032780733887773	-0.0005523316749715387	0.00042852964195022635
0.14741863898382293	-0.20923217993623436	-0.359152688992044	0.19618378299095565	0.08231365109888036	0.028272376938197633	-0.0875781909407816	-0.01963731349636024	0.25530063593896474	0.045947691740232416	0.16908788951512807	0.06622403428441198	0.27995309304150756	0.28435437551086806	-0.269426658856357	0.033586999461118525	0.046733416490749274	0.3098039641699201	0.5131366589107454	0.08578296878932623	0.21536793071962662	-0.00646761046080228	0.05352860713027474	-0.0066059326720499046
-0.2608044346595966	0.1210705349200471	-0.06153247773417492	0.1349239572686019	-0.07698578976951614	0.2121324670446487	-0.08311600693480697	0.25323661634157446	0.12934256495127408	0.030037432082161124	-0.17655078576262845	-0.14774375979550874	-0.00033819421155901943	0.09487779283060133	0.11490050460731967	-0.030768267755718594	-0.012404736009210611	-0.07466127041236092	0.06683241104435624	0.22172786832125557	0.12945765821356955	-0.24329623399554828	-0.6937037210445388	-0.25110184883147524
-0.22861067549387126	-0.22306764183606156	-0.12426044585787999	-0.16089455656012927	-0.1139894393529654	-0.12405048141996707	0.11670143906256297	-0.004229167206868771	-0.057041655665113294	0.17398689481635196	-0.2772580400217617	0.09463967322978557	-0.03450305224071589	0.13978216687522602	-0.016274903315544768	0.02116602220827681	0.01132224559081248	-0.060415677592998665	0.039743475987664686	0.28273171007200654	-0.17795059706220642	-0.6688881781968281	0.31943234944961635	0.08616803521748949
0.15986774463157077	-0.2880440747677595	0.020666590189341333	-0.3781526568463243	0.05181284256310816	-0.34433010411779125	0.2333783122630523	-0.15558547063575984	-0.11856220345499092	-0.24874473580451936	0.4068058423923168	0.18279568419598294	-0.08898719654480056	-0.04986304435819341	-0.1126704572595229	-0.04594120080065359	-0.09291700459659853	-0.03038851983023816	-0.0019016051629019083	0.12538552354739044	0.07189901541184876	-0.1575446246316306	-0.4086704208066272	-0.16061250219194273
0.10787296818818429	-0.1282264462162723	0.054634519183019245	0.4699463339858527	-0.8056285050440425	-0.06280950393090026	0.14632650407440062	-0.029160281927123388	-0.2033736357489276	-0.11275084180973545	0.12994944390612273	-0.0019643786366347685	0.005077937386767449	0.033967236223462635	0.012039315780024012	-0.015626871201953066	-0.00517038552009879	-0.0011161808959281871	-0.013452323114309198	0.009846736811123292	-0.0015910740427880804	0.0006581784610704927	-0.0006975971635684966	-0.0006804490351702409
