0	1	2	3	4	5	6	7	8	9	10	11	12	13	14	15	16	17	18	19	20	21	22	23
-0.2557523401455414	0.06787291152861119	-0.13863946960013865	-0.07595934738290698	0.1319791770956118	-0.14892140222228792	0.07090753774246672	0.018185564397498757	-0.1456226858098457	0.5368842869709058	0.2745458838214246	0.33989397656958087	-0.40008987530497714	-0.06104809664646557	0.10829012157886353	0.13141208433078325	-0.35373115484164774	0.011258946170476358	-0.008855461057087828	-0.1989301415968084	-0.01879033891861702	-0.036687076693902046	0.016762726821489722	-0.0023988032512855164
-0.2608989180345105	-0.1068921208140379	-0.02611037479636371	0.07408140515689192	0.13913524250861203	-0.2124770239722339	-0.012469516345983577	-0.04706919704008393	0.15827342724432167	-0.16795240247462404	-0.10772713795675243	-0.15223014215257455	-0.1346635878813729	-0.2522681185132105	-0.22120133027496092	0.12279889507894412	-0.0359265652438204	0.20176343129846808	0.07051727575436077	-0.17192231788260406	0.11482227150047415	0.4464469748399613	-0.23375758335227484	-0.5195848033360516
-0.25740600716847617	-0.12988290859177612	0.09948413445967479	0.0747460954441101	0.044142068504151956	-0.09785793343182592	0.02054994120523343	-0.07256529850089236	0.20722521785299888	-0.10346998937040609	0.01847164553709392	0.3036067100766724	0.2392697504564432	0.15427144706020424	0.06801131720269765	-0.20204457872438164	-0.09347124925254445	0.3363059408076777	-0.49114043465107204	-0.019160533229793133	0.05450644160862491	0.20546228852221363	0.44411848404571197	0.07523583744169822
-0.2623123031441236	0.12288269340500113	-0.006702777303732845	-0.016402485334139374	0.06083213869549644	-0.08756120672382495	0.02577705834090149	-0.07200151795254886	0.1052285430723565	0.4796740536911394	0.08870540985243529	0.0865585542506935	0.1607742755759447	0.12499975105870664	-0.3553303475558877	-0.0712291198972807	0.5856688765540758	0.040788599939865985	0.10181725481744958	0.3175379131008044	0.017120805061263653	0.07812833071296232	-0.08121136906080911	0.01930927838955566
-0.20062529359485015	-0.14792182199735698	-0.27745359575711354	-0.21445764672262574	-0.28342395717021357	0.11949542946428529	0.07360432765066427	0.05259548632103636	0.059370078209792454	-0.0009145841390550451	-0.058852876714881285	-0.0915731344112609	0.00886242965961543	-0.030096735417116997	-0.14921185384399047	-0.09792972440518526	-0.3538381287784291	0.2068583476731663	0.1970920866629316	0.452652623562876	0.3950025127987129	-0.26207418934533355	0.11829498733264028	-0.11599613848727246
-0.06344485036009909	0.1584430132489503	0.20364136486835166	-0.6886297030948286	-0.02605004838741359	-0.15578532307333418	-0.34750029150576556	-0.5058380276612662	-0.13712398589658256	-0.17130661273794617	0.04297154547312136	0.052540810677305164	-0.022000416436151388	-0.008549680841201697	-0.009248365248146873	-0.006113487224543216	0.005290672892836728	-0.00911929769333455	0.00415708746401801	0.0013107735940706055	-0.004714892156387554	-0.0025678214307901168	-0.0038765313323593058	-0.0018959578673934312
-0.238710495684131	0.20326879717085716	-0.031003179975303625	0.06896970161508917	-0.017273963952271792	-0.24592121687096857	0.03590762835645414	-0.14052409888644415	0.4171523956298208	0.09207513919256606	-0.3542292028849751	0.09733980199712775	0.3571180532188314	-0.015549928107796346	0.36222781816010385	0.09370971845750943	-0.14284471624528175	-0.2890013238155474	0.04770611111825733	-0.01917805588501168	-0.021884128963384285	-0.2637366837205034	-0.20183568123127452	-0.10776127996366383
0.10099892928641396	-0.2982305077124215	0.3504418432622594	-0.03341733684352057	-0.09245833810415842	0.42642134850079605	0.14930173567571775	-0.19472234911339123	-0.0726550248933926	0.23118490964304841	0.07749104109504472	0.15873349103548856	0.3147158165785849	-0.10856226258706082	-0.12322732682832185	0.1930133335166832	-0.06358177243252996	0.08660139561606453	-0.0843753953129646	-0.11781550111142838	-0.1495983524396804	-0.216893096857374	-0.07602504289357481	-0.4066921474536289
-0.02121932813319745	-0.45243837779936175	0.012693044024160957	0.003421992666504393	0.17600574251895246	-0.15120654504207584	-0.10802642721892856	0.16297264923779148	0.06325780007449462	-0.35569410609855345	0.2522279118890925	0.5437016990824595	-0.03383715509498134	0.08843183042383236	0.04934356915790767	-0.0454160421723621	0.09250499393496346	-0.1467849816204313	0.23159950441798352	0.20114805429288998	-0.039822331966670586	-0.12096677194036937	-0.23826054501490954	-0.04694259035319801
-0.15490047461450035	-0.32590566498389595	0.24487813992304328	0.021269338214613732	0.06587028837448207	0.13602690118362865	0.09938604178280099	-0.20223509267100134	0.1296436572896348	0.08330907735808643	-0.01956464610529344	-0.06607367968894078	0.0821960402217709	-0.3117142348464282	0.07197614009019682	0.11611018340589101	-0.04983804573353178	-0.04863550429924571	0.3474324631955222	-0.09582056954137927	0.22926247307999703	0.23690564299729325	0.02275732087175743	0.583721457668446
-0.27215980243791266	0.019248289446586807	0.04773838116672616	0.061592492237441905	0.02087782508243339	0.0413350594342788	-0.058021265064806864	0.030814242496562352	0.022756084171121658	-0.06626563792672599	0.35737170097147747	-0.21893938457441936	0.19536277803125982	0.15508974024077923	-0.36754091948635115	-0.3926572466742278	-0.22389802156183375	-0.4574689057127783	0.014502245207291094	-0.33175056315358514	0.06891205724298605	-0.07832763388227776	0.0011258610292699288	-0.02048962923728257
-0.2712745868294856	0.048142255229079764	0.010672867009195711	0.027428942285930492	0.05265871049325837	0.040107166793650825	-0.06906342089542088	0.07790131713999372	-0.054943885667481734	-0.12339038823682369	0.41683366252974285	-0.3203932414708471	0.19094545987034597	0.4039067818496135	0.2727883527009365	0.5319269298591681	0.030858874091562915	0.21305362207777315	0.0798759184535671	0.014030236998059302	0.03961191389904502	-0.028686782725215566	-0.03288197057367654	0.0022655612969309995
-0.25828557457412626	-0.1287297831649675	0.09519139861931304	0.028907674306360428	0.08612938099920707	0.08683012256541406	0.043905635420910805	-0.0678421581219788	-0.034372836830288106	0.021832485668156657	0.24001775550196794	-0.33093443200673867	-0.17535473339465726	-0.3729850252667268	0.43871142032813937	-0.3350639260587997	0.15409273141851015	-0.07105904280983429	-0.2561568672732146	0.30722047700286037	-0.15930514109333954	-0.0919672033914168	-0.07629255246575353	-0.11616303419837322
0.20602087246448555	-0.27826794189612203	-0.08970023631448543	-0.12535906211749048	0.08696872977463858	-0.2035375399746551	-0.20538078320854528	0.07931588062938895	0.02930900801855729	0.28687493456736846	-0.03227781477115358	-0.19825440488181736	0.18114313168335633	0.13837317460905335	0.23547513929412872	-0.40785928132997895	0.03076631258223009	0.3969448217617029	0.29799046911216853	-0.3103291822017079	-0.07121862540399813	-0.08539796528939038	-0.04909836868652204	-0.05698693340462494
0.18085159010807392	-0.2494858854535459	-0.23954208755314346	-0.13653320309823805	0.1638618089900434	-0.3070166643587417	-0.23940218180522946	0.20145023674225943	-0.15265961690344668	0.16609949642277377	0.05804688561519636	-0.14100248980753474	0.3930122625641478	-0.31919358189814667	-0.12544272037914214	0.2742459806359113	-0.09347718952828195	-0.2196656398306086	-0.3026900878698412	0.15441655972599935	0.007843093039424699	0.06526451190100092	0.09367499935703652	0.055085965631867774
0.09297917799325738	-0.41897014113896763	0.13024702699059187	-0.027091765056250775	0.12404947539549213	-0.010570278415726728	-0.10269014253221338	-0.15760584311056916	0.25727480035963013	0.20079917154164295	-0.22472923899614414	-0.24078079954421946	-0.3949506367180234	0.4762579208774658	-0.0518500643008369	0.12102728038892802	-0.04690862476299284	-0.247551557714366	-0.2228554832150263	0.10698240606659973	0.07239471112208691	-0.020508564917770387	0.024461020049254312	-0.03536864425800082
-0.15637430131057933	-0.2037794660263933	-0.3277804995156368	-0.24898797453289884	-0.2969637644381204	0.11364910834673154	0.07003576686491213	0.10807158124668227	0.05383086551273601	-0.058446414413213466	-0.03464698694141078	0.0640814075525952	-0.0883643761662002	-0.0785059865947232	0.11721335745738301	0.10074068923083812	0.4857804245919777	-0.1277888180506088	-0.19783641895737097	-0.4538840457906922	0.2785948169623703	-0.13970562492750077	0.04990417285325935	-0.018232718264260234
0.22760095454702245	0.11227860552483918	-0.2236182695025584	-0.1167015786810566	0.21238061926846435	0.35374987677192943	0.03249188915180316	-0.09008844115665278	-0.007047810131632692	0.0999780736091666	0.09615390033191183	0.12790713289810968	0.15569727901934985	0.1413188845236236	0.32775090695127485	-0.12331604125789374	-0.020153661162824313	-0.26494492126445984	0.09984357299220313	0.10000016986975899	0.30997723720162584	0.47831845342796253	0.06759876816676688	-0.26465965549194037
-0.030792122132859603	0.1427048284568549	0.3622990165231495	-0.5127010421167907	0.29298093078285653	0.07709417842681554	0.26368068453390486	0.6006213216770001	0.2231160068793306	-0.003031078048576526	-0.09130541979562268	-0.047988445250736964	-0.009444230556609486	-0.017540472191711374	-0.01692534444311855	-0.006064256915789993	-0.02191741687903563	0.009932730784951129	-0.025448534726054742	-0.009824520751769088	0.0007785262695634655	-0.0019761782350038687	0.005614084006637021	0.000775990884142287
-0.18687248184851385	-0.1594446006584622	-0.2833426092355089	-0.23793730648844486	-0.32612600131854924	0.17102186587540397	0.07846946322179428	0.06472654963017896	0.07307490125914838	0.005469206932965917	-0.07580838346435578	-0.010605676717991681	0.05617001022230901	0.13542138869764536	-0.012442184016370043	-0.01065960972241083	-0.13901215450817206	-0.062210756095965124	0.020807441770367235	0.053127063621693935	-0.6438000544302317	0.37932130456355356	-0.15177024636226555	0.12635744673705707
-0.2590947247211061	-0.08732614895558191	0.012603577903899932	0.0068365723847191966	0.18731829724452612	0.050697778666796124	0.11653623170249518	0.029016267197339716	-0.6146248167334355	-0.018373711924560776	-0.3876053207440264	0.03381886548977641	0.1274795466595806	0.20222217719543162	0.028239674855076013	-0.11952214875367574	-0.04530993901498681	0.04523231631026639	-0.19565472154036387	-0.001885460594051036	0.18651076608983394	0.014311638482269098	-0.42131915626545474	0.12791601846676048
0.007001024980849174	-0.04557421233701128	0.4457230140639687	0.06122673837909107	-0.6102230484695511	-0.30972443358930746	-0.04995896206276459	0.25061088561992173	-0.20496020792450365	0.14486295975038324	0.02161251512455661	0.0317045424399854	0.003721611624992297	0.06808714231532542	0.1802905161471449	-0.032661384852854955	-0.00023742957947553434	-0.17140451098835469	0.06248147873354354	0.07466057772367002	0.16781374340979094	0.2658485639991202	0.037412468579827676	-0.14167377344846452
0.2603479220754377	0.10907586646373618	-7.10128544916741e-05	-0.025223393514394087	-0.19745168463793938	0.04465009101073007	-0.07125757357785831	-0.003339151616231593	0.31756593204079603	0.0631194808061717	0.2823517612069461	0.03516433183537972	0.00366587010924381	-0.018825769984273915	-0.034365479821190065	-0.06092865910820784	-0.12647532155287394	0.19213164477868772	-0.35507627637737227	0.010193912154898462	0.23863052819403682	0.06715367308567652	-0.6290329268073984	0.21525102842700525
-0.2242748080963552	0.08857739966733552	0.0783974922869258	0.12787199858879061	0.006009656986558375	0.415704312707566	-0.7742895948262397	0.2674307481331618	0.05945974787788756	0.09469443242632594	-0.18726853504824917	0.11090809390658704	-0.05870552814538163	-0.10191827608289569	0.013213201071491695	0.019396741920996535	-0.012893460909729794	0.030648825807779213	0.003806485233677651	-0.006362429435272418	0.0008777456650216455	-0.0005924703037475014	0.004794820511834495	0.005088239568249307
