0	1	2	3	4	5	6	7	8	9	10	11	12	13	14	15	16	17	18	19	20	21	22	23
-0.2373487659196708	-0.15733764042096604	-0.03696973661515732	-0.29559348833573595	0.09382871912781972	0.12722897476511363	-0.06123912378698729	0.07337698168227107	-0.1575740712512587	0.23439896466352816	0.3182023750890466	-0.15364979554639446	-0.608323163312466	-0.011377987929194325	-0.2583009025605795	-0.07078645315252881	-0.3769154849423127	-0.06344214324499019	-0.042709898962695725	-0.03454601778680679	0.01393097868445892	-0.005634380339146099	0.012563224803833605	-0.0011047219980071668
-0.25559380386606756	-0.09471233189521579	0.07489738143783871	-0.27730282875510587	0.04501905895720971	-0.03209706334052006	-0.029281804192074996	0.04074153206799752	0.25267218474699166	-0.13185260875764318	-0.3526665131652424	0.14552279513644387	-0.14039017795371445	0.2292025703178353	-0.0904629865794605	0.0022680294949491905	0.17098099936416658	0.39860852396683405	-0.3993892137884351	-0.2026737353745525	0.026336705958164237	-0.04060326764622513	0.3672497998017024	-0.06695932267550057
-0.28526202721452987	0.0003308059397475219	0.03127485576391905	-0.1421876068015457	0.0359903839952399	-0.01257339978750673	-0.10278165722603615	0.06170494085944557	-0.0016368763337180677	-0.14334091060710416	-0.17734946496455847	-0.0826281410658577	0.10104098994088602	-0.0679642629818929	-0.05734871565339788	0.050379592455470495	-0.10858761102626514	0.13667591437309154	-0.06088340305640446	0.765181866537714	-0.15488087325577782	-0.33302165477454254	-0.21590001461491581	0.030563891440629598
-0.25541554047471093	-0.036288558042675514	-0.013888843863875826	-0.3269504065825542	-0.002476994001468728	0.02354521305563659	-0.1094392627807259	0.15078714237636356	-0.15423918918023807	0.22882177114439667	0.33989908853158496	-0.01464927749026597	0.03711569400303064	-0.11872342770162671	0.3763346134738421	0.24490880698373677	0.6148455079566957	0.026890264506936115	0.04920417254268755	0.026401015358404195	-0.003469478832512664	0.014081008446836176	-0.0006608938676508216	-0.004408461399088762
-0.10990454036686327	-0.11317796194167049	-0.46245983162961785	-0.01521002928246516	-0.16094056595126857	-0.11171010196366261	0.10713698805837138	-0.14817114496740563	-0.10746405272926589	0.027320679721632834	-0.07326597817804457	0.028056433167673953	-0.002888086876516741	0.057631303515111136	-0.0017040014784013586	0.03955363474655286	-0.06054026323662954	0.2132087866047817	0.23814280136963525	0.16615828359373744	-0.4604800454168315	0.517195038564444	0.22386492218703355	0.05252038912742242
-0.1260526781450943	-0.08353460686274039	-0.3595399604990491	0.33876551207599126	0.22763644105788908	0.06910536985862258	0.15826977579548296	0.6609461219558762	0.43631588672957	0.060474696174391045	0.10416299603441137	-0.07285881916868464	0.02299481948332549	-0.049132207772115036	-0.005526945047485726	-0.029132128049808727	0.010185064158796301	0.018478897825899183	-0.006083663311978559	0.009201940174734139	0.005067257240690626	-0.0021684205820904474	-0.0007247611486312442	0.0013408603025134636
-0.05354159828608012	0.23430473099543817	-0.05359275277838732	-0.55342212865632	-0.10791930931370294	-0.18703246190044082	-0.024652797538504686	0.19832322214684944	0.24183730712735374	0.2503557199467046	-0.25342685822208777	0.062431883487618606	0.25949070447390177	-0.024396417361631055	-0.03377896164504907	-0.17446114292480508	-0.17260396159263566	-0.38784498766215925	0.24799711350172116	-0.05182067679746236	0.057608045559752685	0.03643266760583443	0.08905362116686337	-0.02727428211791743
-0.281044669597182	0.0963906239728571	-0.009944707398926028	0.0750645578560287	0.01898348443058515	0.014932460741177822	-0.161344327815439	0.08278094908721871	-0.2819691673206578	-0.15204682100812997	0.047017552859156674	-0.2595490508466094	0.3697499421038921	-0.2306816997511314	-0.13136676290502508	0.11388525423915864	-0.19681788950976908	0.06112566663271121	-0.14375235143628798	-0.023996111528066643	0.3590200653577866	0.30933083699912556	0.1974322899165282	-0.3910103742040466
-0.18617788819489722	-0.30981818511153336	0.08752297433359826	0.03826565386215154	0.19354401419820239	0.04914869692197795	-0.03900733876264406	0.009972779944664159	-0.0123678394203666	-0.4758300925443885	-0.3001138871797615	0.06184623760963585	-0.28372094545477355	-0.19867448322313555	0.07388642289736269	0.11126630243958255	0.13086761829434654	-0.387354200001366	0.4095629754094007	-0.01914528460375733	0.07538622590206492	0.05259895607343722	0.12393274255744792	-0.03706675321956339
-0.28848977843412466	0.05781273731739499	0.0037414272735949686	-0.007087977361007143	0.039478340760986365	0.002879048547583529	-0.14445826272424447	0.08851019386254666	-0.16906681551054278	-0.170584234535891	-0.04272531991774087	-0.1626094432730758	0.2501969274855441	-0.12930356439712173	-0.10334661640843641	0.08975863015131828	-0.11340014539644236	0.02736541682757289	-0.005004405658226917	-0.496252973758001	-0.38640864309726586	-0.18325409254820538	-0.149684543781567	0.48362531071781467
-0.2876649944833795	0.0421325192572387	0.0124817095986554	0.06842623272746473	0.049054751878143954	0.11558574332917898	-0.06451092529654856	-0.19605351582766115	0.14467228563753498	-0.04845850840068357	0.031077607168617086	-0.10293296685429429	-0.015483392347620388	0.09226327488019502	0.7590176099428806	-0.3583268856692335	-0.3097988772150126	0.0044240945390897615	-0.07075664489719552	-0.04342279577217908	0.007448708135417305	0.03502441408974523	0.001854684521210389	0.0008045698968675362
-0.27945631266622806	0.001518358207542167	0.039307855710068264	0.1217607499962842	-0.013964498800351034	0.19977914069562178	0.05188428635777545	-0.5038981690916785	0.49301487455209525	0.28023948293248974	0.04973354133381315	0.07902462258819971	0.06056287405869927	-0.4594769094337936	-0.1977197318606854	0.1488298151035557	0.03912379581902958	-0.01691906483280721	0.005084948617123447	-0.023357781519418443	-0.008994442135324777	0.0015895474434143456	0.0008392502209074112	0.0002671788830229836
-0.28545527421195427	0.031033645805939074	0.013380730334714272	0.10885743890545466	0.07107595328420346	0.13088094379814033	-0.10167888906454828	-0.19556270529392666	0.12425169499602108	-0.03645358601825243	0.20621870650640614	-0.18935073487799145	0.18213304566703448	0.7172490988019211	-0.2549651587030886	-0.0016339422139069024	0.16842734265414486	-0.2185805313654252	0.2117185743054677	0.04472356569408488	0.034608362170216046	-0.024996138831546742	0.044910661573546	-0.013142583955059618
0.14449505662376122	-0.3508893951856786	0.06989320016893431	-0.03237989429897571	0.2931577837160553	0.06361516962137964	0.1045617915567173	-0.036111053246486904	-0.0412072116066814	0.3783640690722989	-0.29562193200817677	-0.19015522447968827	0.1513358116157894	0.19584459965103734	0.19944419191427745	0.5568438283266082	-0.2502552887462602	-0.048689495899328	-0.04994531801421423	-0.024919294637116243	0.010051673295205097	-0.000975347043766348	-0.008112531509578988	0.006135905536957073
0.16092950401801978	-0.3423364810528257	0.011915245092145197	-0.10773736147347833	0.15539827620265487	0.05161051661088841	0.09153325126923363	-0.10214423801516273	-0.037893504946762344	0.11735117580855238	-0.1603542377839962	-0.5683668416198115	0.12602722648687917	-0.15706722080600113	-0.11244888125230733	-0.5347656441337317	0.2877240650969099	0.10565171578151608	0.044896604988796295	-0.00868173966780525	-0.015491825846963783	-0.01027105855943122	-9.515651696829584e-05	-0.004059719701681216
-0.1217848141233937	-0.37002180245505684	0.04438020803727877	0.03792735387033524	0.29031353898717727	0.12380936606822646	-0.04640759244661376	0.025199350861929756	-0.261627951683253	0.1702049207303069	0.07530899196484586	0.6479999568880439	0.3213289805543557	0.012515981332317908	-0.08974121131011373	-0.3221237985242012	-0.05736635416479615	-0.012168329017841286	-0.015343260317899437	0.02213272653124586	-0.005694481387643544	-0.0007210234017377639	-0.0038868026704471192	0.00347603614578645
-0.093432177842832	-0.1487468278370948	-0.45858214267372366	0.014591898762023985	-0.1604761329995861	-0.10682148682918684	0.10696894378763594	-0.1514267782397465	-0.11161662539182836	-0.04943207602150279	-0.09954731539858953	-0.0014510252062586576	-0.010204246300555754	0.016013395409207896	-0.0039168572382954625	-0.013400001645900536	0.13702608522835005	-0.5280080817128779	-0.5836058996314876	0.0037181575500920515	0.03320505666373159	-0.04444287225834289	-0.14273673036941129	0.009977816995843118
0.13859439054980588	-0.34841030330516043	0.06869883292462163	-0.15699611702224273	-0.22938120215347263	-0.02896598947418	0.09292936616890107	0.014237545658312275	0.1723342574405239	-0.24503964787107566	0.3494464902134162	-0.024994964976905718	0.1894483930193664	-0.030413672447773685	0.039341002788669435	0.07010610617431084	-0.15114945225143459	-0.06630448078852663	-0.0036362943042736536	-0.11261510860280653	-0.38527591512534615	-0.28813885508414	0.1308752039485739	-0.4727093620540122
-0.19456639071589438	0.22990373851719342	0.15345734644278725	-0.1260724975630704	0.1967737257881395	-0.0020291756626101432	0.8844138235894763	-0.037903455666982916	-0.15611341850471439	-0.1209286024351641	0.08099733436026144	0.006224885831758188	0.041436209708463706	0.009720136552217635	-0.005031870077789692	-0.00039345870765813626	0.0010094977347957015	-0.006216339924867918	-0.00112919115735599	0.0008949556128894183	-0.0008295711196888978	-0.004684128961847743	0.0007276961837294376	-5.693284328953368e-05
-0.10863600372634988	-0.10715733417902004	-0.4653692751725075	-0.00762883293462098	-0.16740764816876647	-0.11688164187326093	0.1023541386650957	-0.14890231712518864	-0.12053091851415045	0.027425584133473655	-0.06213093910226172	0.04846876356301489	0.007412344083573247	0.026457598466270348	0.03340717747079293	0.036822105028581756	-0.06434159389457153	0.30257050195018526	0.35288826424227193	-0.169941374838988	0.41849010720524665	-0.47633510206877655	-0.07413553439289408	-0.0664344527083169
0.16213469666239583	0.13247376311839926	-0.2689935172763813	-0.29725377829138544	0.5652805795332223	-0.11840051855088946	-0.1420871038694689	-0.19277803216377054	0.1682531169243568	-0.24982716311372444	0.11039973719322502	0.054681167335258615	0.0059643492890398345	0.008413264722238219	-0.026847780692601287	0.055899224367496135	0.005134650153045567	0.1180135627949897	-0.012745430372615772	-0.10722414434631014	-0.03254209537020185	0.1703487805675704	-0.44317913722254876	-0.20635304857719727
-0.06640164620037482	0.3735001743544416	-0.08613785227915892	0.23477557841023283	0.22889221502642337	0.03919105467770196	-0.0912584680527352	-0.015750069840387945	-0.23572415647038203	0.2693379207806088	-0.25485710656792926	0.0017568050237018965	-0.1566846802370855	-0.021892742345192603	0.008418224161430812	-0.061998565273249706	0.11634237206002115	-0.08797192558625005	0.04252668695315038	-0.09529353826050174	-0.38139309981388303	-0.2860746217095379	0.1270703712974247	-0.4831428748732425
-0.23807103577614638	-0.1398039430733702	0.21193337610000257	0.05850667218168902	-0.3524381241089095	0.06173458578470334	0.0816619581150286	0.15206342469275505	0.010815185901476135	0.09669319980059171	-0.2344149383934346	0.03327370173074487	-0.07577212337265299	0.11393702198337985	-0.03725892084827085	-0.035416728683338214	0.05159955009683288	0.09280992753777419	0.06433419552958325	-0.16176743009349712	-0.054146303512929844	0.24824628534656834	-0.6526143274699335	-0.31414254330026226
0.18736418841448477	0.1312470902795904	-0.2221818333964415	-0.21685812820442782	-0.1258484735356464	0.8885186754374701	0.02662363322017045	0.05696732616467827	-0.053126889742269534	-0.13700844840299403	-0.11647017629180179	0.04042708428624167	0.0612494758176242	0.010931065044403561	0.006361013527817094	0.03422906520208263	0.004962935678687726	0.010519373116676119	-1.0104388533309187e-05	-0.0008150594836729462	0.0014015235959576157	-0.00019958374722587517	-0.0021898790417996233	-0.00012641782568174304
