0	1	2	3	4	5	6	7	8	9	10	11	12	13	14	15	16	17	18	19	20	21	22	23
-0.07711020334103019	-0.140956987134627	0.5129508844268766	-0.16193617388997353	0.027081129417658938	-0.16164601425824132	-0.12960988488190986	-0.08119830590037003	-0.24951366707636347	-0.3915578526678875	0.11252230000697921	0.26648754865089075	-0.10855664755786255	-0.4330649152743264	-0.043347596909941874	0.12892384021506026	-0.32411297613833356	0.07220116899797982	-0.0359489594074899	-0.03856578155660755	-0.06604513143018381	-0.007845753121140943	-0.001771901606912104	-0.006190988823460897
0.22393292701997047	-0.08375555269171982	0.35217957856638127	0.2361755277770308	-0.05587360511683148	0.1308968677610546	-0.3190854613699429	-0.04975466882455925	0.16087152816281533	0.4093558634953236	-0.1200827107964986	-0.12913140791451577	-0.1660391584136541	-0.1101380396736157	-0.09669798264373654	-0.047350056930989495	-0.14359388756944938	-0.1965735878219932	-0.1399558929678943	-3.1475447194701665e-05	0.13619066923513726	0.4024896741912161	-0.2891900930353827	0.1400694878647762
-0.0949613836044974	-0.23460406393532648	0.3731225106783906	0.22894587080966583	-0.005728721099814429	0.016811872132769398	-0.006256965352009698	-0.09337315706777195	0.3521956572141501	-0.08026473603672797	-0.11823340529292689	-0.08417996145018644	0.23404909289198328	-0.06642399175155722	0.11263434852640207	-0.07108695739121236	0.3200133644357574	0.391331459499627	0.4162946070025439	-0.15956286870285769	0.2066914587916755	-0.07963424415942075	0.05756233630659463	-0.008132544162624676
-0.07718954981624279	-0.2912664115214481	0.2854767752289226	-0.02436281022961066	-0.004706630045909161	-0.021280262851103245	-0.0549057042913323	-0.027116874310516296	-0.21142847668198753	-0.1410536632588608	0.020710551230450246	0.2851610755292591	-0.18782936407254947	0.5846955079532332	0.14686891875496103	-0.05487754919917776	0.34602828914966105	-0.35577605979917504	-0.012790740334969177	0.10198023011939401	0.12800998815707765	0.03844769149465689	-0.008493668337723212	0.0016855972240597393
-0.10756036786226476	0.07685928135146476	0.16367397643522935	-0.7824008932497821	0.09685953326715264	0.1916698489499074	-0.1950247945243542	0.28877798591010256	0.3377294322925747	0.15968112130606052	-0.041628421287047225	0.0691005163707748	0.1371344988006909	0.06773830649097294	0.06221915873068204	-0.022246984541112694	-0.015285265685645493	-0.0005712745013263235	0.02229722257770397	0.01511685739649137	0.03339978716439067	0.008274162167218714	-0.007996467584903315	0.0012058345382578801
-0.2618552802479625	0.1503073467264312	0.10632633618054622	-0.08533179618225209	0.030710822814964782	0.32230875450072133	-0.13357809819316313	-0.12520098087910006	-0.22699917927220684	-0.3501109887091761	-0.3626718968380104	-0.6283728300762194	-0.15366920669319317	0.1287145954588074	-0.0695198757647422	-0.04240247228638253	-0.021212313051662043	0.023487225841658223	-0.05260539181135481	-0.010414907233063798	-0.024147229365929793	-0.008683741606341163	0.0016355952061936794	0.008206147987784625
0.22187976758177108	-0.22849923889632603	0.1423761079211505	0.10293558772205257	0.08655725360566699	0.09259591281972723	-0.09785774367940116	0.10387672697897356	-0.0010770294548310068	0.06650602616706586	-0.1786428189610755	0.027033005494970983	0.137280728937248	0.2072220624557429	-0.059106800970375184	0.14003441267633396	0.00039453182191087665	0.2719236096325408	-0.07118175054932434	0.2991849942679795	-0.7301543083330754	-0.07879053481149711	-0.01547393870545489	-0.03472470179936996
-0.30347536105107387	-0.05362049869267294	-0.11339005916571017	0.03676480815441062	0.03062324816205715	-0.0007101372041183469	0.27821997106765856	-0.0380910139316005	0.2863861561727126	-0.2287818986025672	-0.06447737214281564	0.12961248539800904	-0.00288081319147297	0.10964052141948899	-0.02597561276074655	0.1619038163717634	-0.13500746994565205	0.05751564499109013	-0.05960850740556323	0.10309149755759613	-0.005922347059172014	-0.0027586783872896774	-0.6292061408989454	0.4302697283355475
-0.12378167529097703	0.3040364892932723	0.13026968585061274	0.011993675365940717	-0.05836772240611312	-0.15115703113841003	-0.027824120375497634	-0.16025895134464294	0.27033050717970314	-0.1169215725773077	0.13376334513594346	-0.08123460169634249	0.005661775859764967	-0.3306326074247672	-0.08634744517762893	-0.11197886868482082	0.4700194985563373	-0.338241567479644	-0.052481062658627176	0.4260459687860538	-0.2475211933229951	-0.01963421242840884	-0.01119062456015509	-0.02132775532979997
-0.2839478593258391	-0.11539966611835906	0.05496081079129124	0.18084098378906144	0.010623506702872697	0.07926607560227686	0.19857095931908253	-0.06633148840087372	0.49111345260731687	-0.06907140768899785	-0.16872017257961291	0.1150287100974179	-0.06815517480731996	0.10445727836640488	-0.11909302692129103	0.07330157417350477	-0.32093446241198276	-0.21523037409305135	-0.2522695470764555	-0.05465299645239739	-0.0397353380106175	0.06567000323590108	0.43082929684169236	-0.2997945381965074
-0.2508005348819646	-0.2076531416951863	0.0327157586705512	-0.014850378369988594	-0.1038784301522092	0.013778217215396304	0.023786137688123522	-0.09216182647756255	-0.04537949246127348	0.060746607488045584	0.3578104001113603	-0.1022942404462352	0.19981994286460794	0.04940072076930524	0.07675350260205462	-0.698090917017148	-0.09402926215229049	0.13970051483763593	-0.3287064817981686	-0.12462640564758191	-0.17885672064338265	0.046841185524550195	-0.0813172979443667	0.009066055827193087
-0.2441445348705881	-0.21162600574408827	0.045411938537338575	-0.07847859689216546	-0.0593465851901734	-0.02901409481187397	-0.02518275569523409	-0.14575261286241456	-0.10287924694472474	0.20845551771716503	0.41307711910852224	-0.24304551203631164	0.24511764670802674	0.14524136207925664	-0.5635273949042499	0.357274498488367	-0.017471035362623403	-0.1086885586860893	0.19483554741290104	-0.007688038763659712	0.008227234497330827	0.002390084764570441	0.025180317647464954	0.013094081712472052
-0.27762282236771163	-0.13859728507767674	-0.08166844242126102	-0.009038843693202564	-0.1978260986269218	0.1645544212099085	-0.08854290119825675	-0.1707657711698393	0.0422719462663858	0.260496773712635	0.27075306744561517	-0.11868482069356374	-0.40315680753458916	-0.08402385279984258	0.554730671925211	0.25648226970155685	-0.08550078697542798	0.10607188776962452	0.12710729589066094	0.19422473742618399	-0.0991574601482292	-0.08756531346891004	0.052908317164480106	-0.029444875616924823
0.060667901180496815	0.32699466452066345	0.08850286458388422	0.07807165071684055	-0.0014100544685892924	-0.2039022822585168	-0.23091286806382336	-0.21070109064331552	0.054803395421576924	-0.039403899123965795	0.08420778306327086	0.02764300467262913	0.16671422154138754	0.3324418425596409	0.022939359000915843	-0.1056439903113288	-0.37360019239491693	0.22713532492989488	0.043533768446246776	0.5260031624754781	0.30103118067908663	-0.07219011751981608	0.0904340813348023	0.0033612174497473116
-0.010056986085436655	0.3298448807197977	0.12211961957234536	0.061775570341268994	-0.025476421011283293	-0.23925376576445193	-0.19526845771870213	-0.184997998049518	0.05187053782564675	-0.02617973054347726	0.05991175940056117	-0.07214313530531591	0.34697496550330426	0.19417038785122895	0.3773764901040082	0.3249345023136556	0.0064127101929047385	-0.1374219890905298	-0.19012191211240873	-0.4701407726901062	-0.2031886651027099	0.037508752523982974	-0.07068064935897456	0.008616539822423098
-0.047951267394425894	0.33592096432523316	0.033682407436454564	-0.04399313005187089	-0.08750590879395162	-0.12516834390150716	-0.10632168312351703	-0.14402007760707655	0.13998795643304182	0.06646191412539927	0.07320133554248433	0.19783897920041388	-0.5427157919498726	0.22825785210799757	-0.33280636836266025	-0.14087650061425463	0.06960446765045193	0.28710352921815485	0.1829432738751055	-0.3205604864764741	-0.2367844080585041	0.015893231872142314	-0.027169382714762876	-0.009921311672458858
-0.27638429821863764	0.12090298867812836	-0.1047222186610958	0.1252177850596953	0.04298861760057852	0.34087547942535057	-0.26048410312326303	-0.0726883024885986	-0.14479913842554276	0.07738000380335784	-0.014681727533933379	0.3547079697504182	0.11207677603807753	-0.10470597136287664	-0.12750313703319988	0.19961424556596075	0.32268617519387155	0.33486653296334656	-0.44168181014835095	0.04213415761876486	0.19007423052090713	0.078521604750068	0.038983285788326535	-0.04024254429965934
0.05221187918050451	-0.29325062225693194	-0.2129244570960027	-0.08889174299614593	-0.25890849444499153	-0.1953362089890438	-0.4052709413752604	-0.20890156293415665	0.11602328348161003	0.0341979819070379	-0.27478952334064566	0.019820172097704352	-0.023077212492440713	-0.06702507107358903	-0.12082780395315691	-0.047651661994918826	-0.002660141349392427	-0.11962186347576549	-0.15569934024784524	-0.07874313710749445	0.0785024381320117	-0.605593512596688	-0.11849363399106877	-0.028828664164537183
0.2616098107855812	0.022815762545379408	0.10945959554139084	-0.30335884165116467	-0.07732841974778198	0.2119094972472735	0.4365214009023495	-0.7037617615041545	-0.08153803608098639	0.17557427537983641	-0.1680819967109123	0.11309800989310569	0.09178885790313042	-0.01754790534230018	0.011086767027603165	-0.003277491919737762	0.02627824429371785	0.025265776049641715	-0.03807208591805979	0.00981720496407126	-0.0012849608847564924	0.0068282271449096755	0.00093767278487247	-0.0025864089708692835
-0.2663112779362993	0.14460495480239366	-0.09734713442306618	0.16949841328682788	0.037776849099121566	0.32142241462631044	-0.20197792498452327	-0.09233269475920289	-0.16206544261223807	0.08936853307698106	-0.16519292350199927	0.33793895750761616	0.23929680210905457	-0.07598956226125984	0.02458173024162975	-0.20972802104558477	-0.19945934147320896	-0.3160982026954228	0.49744112071577845	-0.039137425034311016	-0.19768935724531356	-0.043124327838021025	-0.04553534315747717	0.02889703915156069
-0.2908115822491018	0.07522511416824958	0.11470652213923122	-0.023898647282560994	-0.14169126769053556	-0.30744099107581213	0.19265128571973014	0.13033735968637888	-0.19706583791833843	0.2646758545233065	-0.28282084688034936	-0.009682577693496085	0.03953156792332165	-0.01198798214922734	0.014931097418248577	0.012724014213649375	0.0018146866832944378	0.0802394009480554	0.02965224765162446	0.09105398025590308	0.03732562076260938	0.06077882916624248	-0.375933169455176	-0.6117652050766389
0.05042540504580636	0.239806136383247	0.3666637614972301	0.19094402064714866	0.22251692956256675	0.2730136136964555	0.22343803671416276	0.1783497025172244	-0.02831207612577704	0.19174213618696878	0.20391662650963702	-0.02963361703771588	-0.0807029941939057	0.026889463350873766	-0.028387381484504596	-0.0026131195778720875	-0.04867071341809771	-0.09028323227277778	-0.1340999087941581	-0.07121255743463584	0.08022149665673368	-0.6471167911147457	-0.12343148945244742	-0.034418676758251415
0.2824173405824419	-0.07290210712944645	-0.1747243717076033	-8.618192641871025e-05	0.1584248954656386	0.3008808046979711	-0.15861527180624388	-0.1390828050489239	0.18542753046407454	-0.3450313274969126	0.31238582308823704	-0.005285319784084856	-0.0073304709355765316	0.037749557486295875	-0.0023634784523748707	0.02146985522185536	-0.019187982798082565	-0.028629133975891202	0.08109211064868796	-0.029845249403673897	0.034575370328248756	0.0710987769749077	-0.3645259326426736	-0.5687656159382884
-0.1431997755203429	-0.1330157398449307	-0.10652337615722512	-0.03293080586307949	0.8608611876619725	-0.27004321420435257	-0.08849895438110486	-0.2468924776959523	-0.01256260033910547	0.18972959910226483	-0.06626179212783058	-0.0631153944224266	-0.11159250400637577	-0.05430954306840559	0.05004290025902322	-0.054339007774793655	0.03302953247839266	-0.0003261690196027806	-0.006435348025742584	-0.005683757668275281	-0.004238201994207049	0.00024621999804368003	0.001314760241195082	-0.0015522649573554577
