0	1	2	3	4	5	6	7	8	9	10	11	12	13	14	15	16	17	18	19	20	21	22	23
-0.26853442617162315	-0.14233994506528574	-0.06471667935276722	-0.20862418986675652	0.040946573458336626	0.07063601363532944	0.09293596239115774	-0.29753030402295416	-0.36544404113122675	0.01182716386175473	0.2884838434361445	-0.46403174799682384	0.04266642180577683	0.013519485644007893	0.04240149870831096	0.12454877088845852	-0.5171112098035535	-0.14007146880338356	0.08410262965269602	0.003713137212585048	0.0493224081062701	0.08843376609696234	-0.0013696173501425663	0.013099156401934028
-0.22071798375758536	-0.01719021201148765	-0.1930125448131548	-0.4168271473872212	0.08233388177978408	-0.22248242102752427	-0.034721271610085105	0.21878646663488563	0.025559460597402037	-0.07390604176388657	0.004669255143927391	0.19893634870393398	-0.12452786291550212	-0.09819656059182656	0.018440001387963537	0.27915991272266627	0.030494985724231757	-0.18023298027253895	0.04774423332278309	0.28409960415682034	0.0024920355721314434	-0.1723130389776717	0.08992494844710161	-0.5756002178989265
-0.2150880248359425	0.12089580889776849	0.24068931678586483	-0.25357729322433925	0.22500544703988906	-0.23010892753632814	0.11292595770353295	-0.11802828435556373	0.12435591619878954	-0.20018912857584104	-0.24416257418199822	-0.15261529996568715	-0.14560290421764668	0.09845201933702447	0.17598214941125637	-0.5920296510398657	-0.08845588598184773	0.0716304663200943	-0.20176945897329215	0.20258878695577007	-0.12566789855217947	-0.1349550045330367	0.053327192289028325	0.06528223750095077
-0.2980236949411976	-0.09207966980678214	-0.05657620760756284	-0.0753183071078292	0.07960880941149685	0.10143251683771515	-0.005728080568048829	-0.11527292625460181	-0.3046290822300382	0.023746522075716096	0.05308769402821862	-0.30469563391897525	0.15083320298800912	0.042989615177732025	-0.10035346737761015	0.036150511443630996	0.7485563276688633	0.12494297817206895	-0.23045423832126888	-0.004316268403807979	0.00877271644788003	-0.09579373772563214	0.01601950893347418	-0.01733891206498474
-0.013412800526710582	-0.4322219462267366	0.07732414126728618	0.002271167698668908	0.13035409013546265	-0.032860059863518476	-0.05992287529733512	-0.1129781327643787	-0.1600749492817016	-0.1040897007259853	-0.1843977569587376	0.23830476140015897	-0.09419925016937836	-0.019510512397063605	-0.373427233598455	0.00783865506052885	0.005212210762368634	-0.10706713053834549	-0.07703427832660482	0.21349843167398033	-0.3833915185494669	0.5247715321275779	0.07810825839557393	0.07139998838652212
-0.07210696212028057	-0.37510137419939615	0.17056412213846833	0.05994796388933279	0.19214011555978597	-0.14857563249833533	-0.11899274862454698	0.3302814766871273	0.24796851658209543	0.23424450817042064	0.08103393661506382	-0.20119211192081488	0.019650826149636355	0.24877177411001639	-0.3929499441927141	-0.046582261134437516	-0.11075534360019358	0.14948387662583906	-0.018443977376039138	0.1400351284940169	0.4441052658700947	-0.06038920246777175	-0.035233164653139665	0.015470248286200002
-0.3052250910205862	-0.037004180047698246	-0.07235845715472829	-0.0793359500873308	0.018814272464614097	-0.0643049887373076	-0.08830764395859049	0.1904036682911485	-0.04796517861486886	-0.05031482984692373	-0.328553316544918	-0.0582165683029988	0.14040550783414715	-0.04420878432114704	0.13268295628364765	-0.1965103766684989	0.07181668625742861	0.15241900257588745	0.5644681499645251	-0.3442604972500422	0.1075493261083513	0.3722070125362016	-0.13986031157701595	-0.12706291730997976
0.2583297326608298	0.0993875488273422	0.19601901146057035	0.25936861084423035	0.09595324810689337	0.1243614765250156	-0.019117628284587653	-0.03739071539511411	-0.059729939470399944	-0.07033522255109768	-0.1392219375843415	-0.2884491773983116	-0.07853186081258678	0.003151339140566218	0.04039710842405428	0.02857572569448251	-0.09555516225734595	0.19152688399798962	-0.2997042740784382	-0.09649075711987967	0.029708597071544864	0.2488866967417938	-0.01924328246460652	-0.6807245909411681
0.22046028017465405	0.1150851141146346	0.22457708652049654	-0.2812529442094312	0.09779287873043108	-0.2069928621615419	0.22653467818922704	-0.34005999061220576	0.17395269639140673	-0.07246154884886613	0.36268716843318743	0.03459141915559922	-0.3209228667007081	0.12988105505386782	-0.2280645494616559	0.02710230782149142	0.2446168985306585	-0.009837597477289892	0.26453884045337345	-0.26980914304110953	0.09819888818728777	0.15645533002196962	-0.07517406353233616	-0.0768415420368199
0.22788150955837527	0.18409790863548803	0.1303447599161219	-0.04920629175853891	0.33756379151580906	-0.042134669771327016	-0.09510054269251589	0.2285988959265249	-0.13123793096752623	-0.23272863826369194	-0.3167542931291785	-0.34997482089215487	-0.2605537815987807	-0.15443246454108236	0.005918640274955768	0.4211466068858445	0.05776031610982585	-0.07862815284693632	0.1448480533341638	0.07877590765998034	0.040332237305772935	-0.047216680826086835	0.003643118465575828	0.33738302484841465
-0.217537617383238	0.14736745397807358	0.21768100505368532	0.024422837739638558	0.31742953636947624	0.20149841707425895	0.1550580294322072	-0.1756202424577948	0.26604165882891423	-0.17725948547347756	-0.1274150977638728	0.1912474195199857	0.4843139892175806	0.38941638056603517	0.051230913663736694	0.3675883539405233	-0.050836286065373916	-0.05906900821496649	0.005114744611238967	0.013118406690527096	0.012426246959446958	0.03532275709872684	0.009638394102675705	0.0017800062907330876
-0.25413356542397075	0.025837132315781584	-0.14254002275381755	0.02571473344610646	0.22945597212197125	0.35806245093774214	0.034295589174739	-0.3062514364416764	0.35214229126307534	0.4849868727682094	-0.22633735905231714	-0.008129582312052285	-0.3521979749532919	-0.30486353910585784	-0.0421261348069703	0.0721107531951552	-0.009437819337005094	0.05009558667315588	0.02211812478275686	-0.003545391050072926	0.011556300219367089	-0.014434843725070114	-0.0056091137521305625	-0.0002579829461967279
0.09471237584792301	0.16846830581977323	0.011280273355575495	-0.05927897772505899	0.5908110313773423	0.3164626721087035	-0.09972263373112232	0.2538920527671435	-0.36784344258542573	0.17531785181377083	0.30711776037393484	0.29914605450087445	-0.03263077494517646	0.05865026051083393	0.06774390480604467	-0.26895144584110914	-0.026947093972082514	-0.01622152492134187	0.04080111993320541	-0.029726047400388055	0.0012352549812300832	0.01792175142620841	-0.0040668920989550645	-0.015303761685416598
0.2696256179384861	-0.009037081817546309	-0.2399726725260112	-0.1352810567446751	0.04498328141408164	-0.16224658909630477	0.009513237990291043	-0.11477876436165095	-0.07887762470701158	0.3301196907330467	-0.3364867647338253	-0.039275003709032204	0.07446186653110834	0.2909178999607084	0.11855921291465223	-0.09357826010217778	0.08025976093104259	-0.567083001601999	-0.17996758391793682	-0.12237252556837401	0.26668035059155537	0.1368018327670645	0.03910299860143598	0.0035411434703274346
0.2622095692334823	-0.05993385935165316	-0.25997224079641296	-0.16877741027952303	-0.001333934849516767	-0.0625271999242654	0.02856677211874237	-0.10485408981466503	-0.12996270315179276	0.250701788976646	-0.16501775111459055	-0.01622051115102142	-0.05632646839603733	0.4733668428518656	0.090284290534891	0.1377894179670337	-0.05896982329091448	0.5470246990323441	0.1827782283822798	0.15069652624538896	-0.2826452628124337	-0.12144942990943879	-0.027344851018040503	-0.0047242486385270215
0.2657204832503069	0.11036632031115327	0.04055458469045733	-0.21885074167564458	0.17335601165531325	-0.2507170610210179	0.10966778082280897	-0.1056176548697617	-0.013585327782267	0.2245274064820145	-0.06801858693160033	-0.036044856895790164	0.5722216623309138	-0.510972747715637	-0.2594383122584283	-0.0463209061662486	-0.07274875042806084	0.1504136481855206	0.00043373194255060053	0.008272033760245306	-0.06833061461340115	-0.060593656027223594	-0.009315939037260303	-0.025649232009709408
0.15978180081372587	-0.36981272904704793	0.07566924632753948	-0.04515911370862443	0.06358551226377154	0.010011356188470794	0.05353214287860795	-0.26203859385300554	-0.10254916308052356	-0.14631336551187812	-0.015043948401259758	0.25178356834974913	-0.002033583146525937	-0.22113690030236635	0.4509941398561561	0.04891376824799712	0.07258312205914264	0.23354930012547667	-0.015021860949873685	0.24679809625735277	0.5217318841265559	0.07670774565821407	-0.03326977464526636	0.062346388691479834
0.2078868000981495	0.002636563457337232	0.29104099854156174	-0.11059370466191874	-0.21667324003575641	0.3869066392294443	-0.3230090288972007	-0.15579080655821162	0.046766209135537376	0.037891601234708916	-0.03990044842941361	-0.15530210424387275	0.12855471824124218	0.042790896838500264	-0.05137798426089918	-0.19196904456981956	0.12128875909803466	-0.2261643420877796	0.42438290842020654	0.4015370040638083	-0.019611325655040875	-0.11125632684980952	0.07231027958794461	-0.1490717171316969
0.09548118124685911	-0.37830444548229186	0.1761056439231032	0.00413716278967415	0.16394297917953785	-0.1132660673978835	-0.02173295250870812	0.16682966997146018	0.30160027118133287	0.2097305945380477	0.25115900491346793	-0.21433191257415735	0.08675659621765792	-0.06555553133369814	0.511547576575061	0.08512387205077093	0.13117418023771873	-0.1366471387247424	0.0239301057824489	-0.11279017366076576	-0.41109144954953675	0.059296714542475815	0.04768929333185786	-0.006927782552373632
0.05264247954143267	-0.4147274851796654	0.11984153936734909	0.09085833782296697	0.13384332495738527	0.029111802688046782	-0.06107515280748327	-0.1701509745842876	-0.16213625588319405	-0.15170967724711962	-0.22313559040811445	0.12978986710728235	-0.04708396997633977	-0.009533984003945803	-0.11370619299210362	-0.03147985199297286	-0.086442095023801	-0.11152797281423778	0.09004267503613964	-0.4488792563340946	-0.08560010965485518	-0.5992369484106685	-0.0707667985913019	-0.13443059993410314
-0.15383924511235747	0.09116943494056057	0.44462285949297453	0.04389685440879187	-0.16314848689369738	-0.14304743462630368	0.0727380629354119	0.030120820160587224	-0.2542868703723292	0.3183918440810479	-0.09065633867578697	0.13121447050725618	-0.07387752736615406	0.011484748193061651	0.05741063564408523	0.11883934709927133	-0.018534477634395675	0.08249198192895729	0.06458847335494915	-0.1182677905098352	0.06575181650846797	-0.008722026427167219	0.686169244810299	0.01060953685182224
-0.022838194678136345	0.017660851119554483	-0.16480420746539498	0.6047303245209136	0.19276948080318113	-0.23743317964457747	0.4397984640610002	-0.0745243033675866	-0.09671853568269467	0.014618578536667235	0.03812161931568695	-0.07305662286648876	-0.000716293426813146	-0.0025116601428615223	-0.008855355880445375	-0.10641178364389252	0.09956113417835735	-0.156257708365436	0.35742937700485455	0.3137294213034348	-0.018770371133244246	-0.09157736806234983	0.05350156837978975	-0.11796948326285511
0.15811586191269605	-0.09588153529441672	-0.4392510165314507	-0.03400234614009719	0.15973142020998302	0.1435990367178973	-0.07844581233256842	-0.038803205309138195	0.24426731538164675	-0.3309527391032679	0.07901501573692607	-0.1285422862047268	0.06987145355989992	-0.009714613475642467	-0.07208055958081079	-0.12619489149418334	-0.007562632443479073	0.09138352552202841	0.04560347609294381	-0.13571088292891065	0.0647403953231718	0.024477696996143168	0.6826621484679133	0.011446286522733225
0.12459265974327872	-0.18474134158376707	0.055012929695696385	-0.25157196003929	-0.16725888791278487	0.41462467450309676	0.7257608339156237	0.35621250946559707	-0.006756732538940451	-0.02420645293580162	-0.1306832713188296	-0.053101217481413	-0.01623517642532244	-0.022360435673408324	-0.06292180478894237	-0.05992090023042799	0.012911358118058082	-0.032683145844189	-0.012391548920409003	-0.01361782217309524	0.0030683038394613343	-0.006146512151063268	0.005720160440021651	-0.00553485934277123
