0	1	2	3	4	5	6	7	8	9	10	11	12	13	14	15	16	17	18	19	20	21	22	23
-0.2411810452347073	-0.16529798561215897	-0.003344086166302725	-0.0785506526494634	0.06519050482901055	-0.19472953826865808	0.07228981345363365	-0.02343375016481557	-0.004611413537289095	0.016198554077336235	-0.12976832496610788	0.37710364637858074	-0.07642270940296697	0.3980492773771691	-0.04618015458257273	-0.314939715888612	-0.2025752580619244	-0.33199624127326494	0.3451222897295865	0.3251618371910917	-0.2292573716295664	-0.03269796309978414	0.05738468127568922	0.049291556311372046
-0.24867206012621773	-0.09900541684613953	-0.052160365202288235	-0.07065714473749424	-0.025035103328768925	-0.19581211828439524	0.001749696555270239	-0.03186800354480959	0.03305098282716307	0.10086676857058985	0.0681581516752685	-0.10204557421903543	0.020873466118896507	-0.13455700540523444	-0.09576468901117494	0.01188744323955839	0.11560171768590193	-0.10318949632126662	0.057134699293689514	-0.10511337953065829	-0.0422062051974648	-0.14360271604077335	0.2093694566083572	-0.8496568392792967
-0.24867522579040052	-0.10534240882427148	-0.011696250493161187	-0.11271369176499173	-0.016661321001080424	-0.09698694647122177	-0.03673831186839673	-0.020332245462383602	0.028751022927275643	0.13495883955461838	-0.007153926911328995	-0.11173902177545518	-0.07553234209893112	-0.21771299304171415	0.03149712181106383	0.06840554689791135	0.019677757477311184	0.30424926502096294	-0.2960253268182013	0.6122989263247839	-0.044436300564294304	-0.11757117697549212	0.45562862302825213	0.183116588591553
-0.24077971287260877	-0.17508457126328494	-0.06326206469236305	-0.011389994642512901	0.00889222576810933	-0.17814828475669398	-0.11525060889950933	-0.15524392957298122	-0.03735599976999822	-0.03852969359518128	-0.15518499780574668	0.2204185423093121	-0.19314171644982298	0.08753846001451474	0.13922166864731347	-0.2683223933025175	-0.3665025368621384	0.4246838643933455	-0.2524400036079334	-0.4131989078678527	0.27405616733242494	-0.03692497677779131	0.020639939483083087	-0.010507032170814258
-0.22715592179768518	0.15764645858463208	-0.03276920999092519	0.2151947205201078	0.15078412212146458	0.10838443311803055	0.261741348610122	-0.12938570733303265	0.2703356875153057	-0.04390639610330098	0.4244225819400423	-0.4527185647049332	-0.17725511110036443	0.47467857088649584	-0.061488027387424406	-0.02656097917967328	-0.15879963582797316	0.06366739895626024	-0.05146592111006084	0.02622534462787424	0.04720479146568675	-0.014761845057942277	0.004805067187027203	-0.005755890191348867
-0.12692265990904364	0.17499665057824387	0.4850122433086347	0.2353730899122582	0.14526434454855786	-0.09371204414797915	-0.2767149601582888	-0.06598990262763031	0.6758286872018262	-0.08746880622302125	-0.1362942367725357	0.15626073426139273	0.15386901883280701	-0.11689254145524149	0.04476430023980985	-0.01460892234466188	0.06506708895316653	-0.02250786201596246	-0.0016061283638793419	-0.006373990504511455	-0.0017927920077573452	-0.00463618174965948	0.006666140518756194	0.004658288409066763
-0.24558093201276773	-0.08363483182142604	-0.11316676837424518	0.030801765809320317	-0.1033792963493166	-0.1893569146594642	-0.10634585801558162	-0.1163689506994352	0.022040228582938626	0.11295009314598166	0.010205324814223093	-0.1265416653312707	-0.040784846455493205	-0.16682864664836444	0.07285853944405869	-0.007736960620666815	-0.010162000162531574	0.0391528974606001	-0.09935055074353234	0.29833162303521676	-0.06851911980549862	0.04876573778847271	-0.8188635506843388	-0.07212772336003144
0.2379316666186037	0.12521106303445917	0.11592684389120886	0.03250004965836323	0.06809996635425496	0.367056844679258	-0.0374574731710354	0.16286608068115646	-0.04110105976724938	-0.16314468210112754	-0.178749409229037	-0.02267471434210047	-0.2149410155733271	0.051994641746989714	0.26659343809931596	-0.1745108784594	-0.12902048584423728	0.22516199260607203	-0.04659435792719591	0.13325602527035765	-0.3838487091093742	-0.4686994813171018	-0.11390131618503055	-0.2597182024137507
-0.08509817720610872	-0.1869019952366072	0.3588790379864402	-0.46820212699707076	0.29971495109765867	0.043831211380983934	0.4240744078031298	0.43615502112959537	0.09632944210633516	0.09991793505189199	0.07594861525484621	0.10409392385630391	0.08595951025308696	0.01275340484844587	-0.12027277345761678	0.030271253300499856	0.013737072057944485	0.14021426766479153	-0.14665019109953686	-0.05271717943824589	0.05371665699685682	0.045303893277789366	-0.19870385826357687	-0.025347096053174485
-0.24756142698036435	-0.024914940789662166	0.10132530029790994	-0.11905755942451593	0.0022222260549876207	0.16014021003642398	-0.04049945409813426	0.2213198921984612	0.017871855746938597	-0.01479378650531384	-0.15784043628470387	-0.37176818809635076	-0.43848583629410237	-0.30448726178612423	0.30551630186138046	-0.2534077877609247	0.002565713635488425	-0.32451951387503164	0.18500444520955975	-0.10053096957143035	0.14368873519677075	0.20861373897183133	0.07864827406390312	0.10570118152031471
-0.2374321987937988	-0.13961093649755105	0.04342641300528509	-0.15977556123386885	0.06658752970050684	0.2108096276612847	-0.18744154356887677	-0.19959200223407716	-0.09952800166555724	-0.18515208006453907	0.2571942076142454	0.238095947727029	-0.13697116179015548	0.22815977475558538	0.2979235090002943	0.06215133195865592	0.6528901285126633	0.10661288555205908	0.025722105751058228	-0.041499580786293934	-0.020984695765336885	0.030218828512565375	-0.025920945773036923	0.019204496008082664
-0.2264719125163887	-0.06419148778853435	0.1616286803746418	-0.20409563814394882	-0.053578063312486365	0.40751513390247157	-0.19141317143504988	-0.2052388456535342	-0.16650354492804087	-0.22014480170563525	0.30047361365704045	-0.00032489857292245536	0.44644509018090456	-0.16384364747258173	0.052304398772431454	-0.024858910364299887	-0.4403292671346033	-0.18532751716716692	-0.04419748781192556	0.04405924982697143	0.012286551075118623	-0.009805234591363558	0.014448930908486602	-0.023235499473144364
-0.24692271013397754	0.04537935123482577	0.066006497470537	-0.07591033952419254	-0.040669644633507446	0.287545091693506	-0.13229871092439835	-0.10844606115357974	-0.08325044379937346	-0.20837188047264135	-0.3582662652355375	-0.09950216239572297	-0.1729399333280259	0.019927867347027832	-0.740711147302049	0.030791029412602786	0.1009445638896045	0.146652571369785	0.08026987641669367	-0.021743032348677846	-0.03310356062776425	0.0161439264917403	-0.06358356810304772	0.026972455199591114
0.2400302922091473	-0.14540677215822068	0.04161487651172953	-0.09262315332379746	0.14048609556757047	0.03578064936921232	0.02281814780120794	-0.318036803140095	0.013269484316144808	0.21605748760487356	-0.08058789893069598	-0.28447172367102513	0.30429573892025813	0.013411179280470455	-0.07721638367781762	-0.6860721285677351	0.2695302050431929	0.028669876238025416	-0.09417538408548273	-0.00977887833460888	-0.01939332517963058	0.0019833332342620506	0.008745241548675373	0.040602860536581596
0.2237059581386018	-0.12836868834400306	0.12935895254817628	-0.21739568119472014	0.12284655531354632	0.20234530403781273	0.07144712375746776	-0.556848588282925	0.14464169797572152	0.44969288166571714	-0.06452287058851112	0.07637620523128945	-0.3259576394028112	-0.06298495605665437	0.032317045747848744	0.32253706537816285	-0.17332403575526956	-0.07599521674097344	0.10886156628486551	-0.030562403668142266	-0.009779249322700056	-0.01699991394276915	-0.014047126229465034	-0.02545081151495663
0.17114986809282348	-0.3372842007316447	0.044139258808216515	-0.04722993504216884	0.3346295270128052	-0.31210311819696984	0.13340991040765562	-0.2293728125217751	-0.04762564696967841	-0.6189686857394474	-0.20909910487871375	-0.27096509424338766	0.0259574734078029	-0.022775390512629893	0.10848893213911306	0.22136801511967558	-0.03953569875774906	-0.04601561018571503	0.02812077087280699	0.055787450962014054	-0.02081091687824552	0.018962713049703456	0.0028527621348721	-0.009345042342593013
0.20611118622443103	-0.24953717941571402	0.07367897917679735	-0.1801437029086944	-0.22532699679798485	-0.06945115874600155	-0.40559256390773657	0.16317894725316523	0.1437402042294857	0.01933860373960667	0.0817047265110798	-0.15910205001499517	-0.10371527196694215	0.2693744496845493	-0.051827736729738415	0.04505762708047337	-0.11630769010730488	-0.0008773268384485097	-0.2494483845772175	-0.07919775110100409	-0.42878456195250275	0.44061875904856507	0.06911576530626913	-0.06911870977115654
-0.03625393107008856	0.42181506666997215	-0.21290106317002472	-0.48259786604575705	0.03447378569078339	-0.16259736650163395	-0.06001279882675663	-0.06054253448179163	0.13815628623016382	-0.037211256886584915	0.0014039417491162123	-0.11735264932991589	0.15508595938881578	-0.033060814291221874	0.12662462119482468	-0.0013582175436691925	-0.07202025843135124	0.3905052903046191	0.47730623464429806	-0.054550144637180074	-0.16169244981031577	0.12692014571910523	0.015502424600993315	0.03520424291980015
-0.011733238089696202	-0.3261363081473798	-0.4727701027282457	-0.04943456952806422	-0.31844205247503043	0.3251530152685589	0.2777494651167194	0.022549966421575456	0.547611110408458	-0.16742297143331422	-0.1455821588521494	0.09928619118708715	0.11992557207543794	-0.06599887210550193	0.055364625013179285	-0.01059580647037564	0.040042075676079224	0.0028987306393980974	-0.001951716616864588	-0.012210051936963125	0.004970691875505404	-0.005575895588461206	0.0074843144540338155	0.002593251544778786
0.2077173063990643	-0.2450510921874337	0.07975898292026552	-0.20458625187181023	-0.20064505509359232	-0.09851848357424314	-0.36005102800115263	0.1712909566943456	0.13032420278084647	0.007509256087288968	0.13876200866829272	-0.1730125058834695	-0.027668076372659663	0.18756854203394527	-0.08883546294391555	0.028165974649681312	-0.007345206982220902	0.007536061941000177	0.26938151159245044	0.09999750427940876	0.4765808458898845	-0.4592914588608118	-0.06583632095706055	0.06078014240672959
-0.2249580850265598	-0.1359602735296194	-0.20910506141998114	-0.02117357703770366	0.23193299762945002	-0.10787751785192234	-0.136106471123619	0.07205455200433167	0.052453156362647406	0.14522729957364816	0.0763945648879452	-0.11758955328338622	0.05798213092060253	-0.11740506457244719	-0.07320779436914995	0.11284510592489026	0.03258178718392513	-0.1756457823272508	-0.05688412772618298	-0.4011328753390305	-0.4267345435647422	-0.46620686754696494	-0.004456968497556241	0.3511632416054158
-0.05724899307128353	-0.4434777041906901	0.21054775186127908	0.427857286816026	-0.052307081915445496	0.07801929120880459	0.07022078351633149	0.07693901034150966	-0.10489546407096242	0.1366495132268164	0.13221221041021938	-0.0668620164542007	0.08918032603370356	-0.14260896832156508	0.010380397683240509	0.01623236938402782	-0.044403940705465786	0.4048207755173649	0.5066322507619554	-0.05314137844276935	-0.1735519997806624	0.12285144608393943	0.02911783065819869	0.03582431744068918
-0.024483199208049686	0.09226027486166488	0.39212523760034784	-0.12042426226999069	-0.6439225889507803	-0.24412920919699266	0.35843061653810304	-0.21035964714109726	-0.031609061001141185	-0.1494431374328109	0.0969153052659112	-0.03421275435111026	-0.0977301568276847	-0.06500593338957943	0.0027746317507631904	-0.06676665920443965	0.06848492293790667	-0.029029495032602978	-0.039216902220159874	-0.15124282569219308	-0.19005989048430277	-0.19583952637304675	0.003798260518185269	0.13817334845114357
-0.2446870636306693	0.009289467319457706	0.12761440895427129	0.01486190622754903	-0.15880026440819184	0.08410529857463427	0.0367497422110806	0.021918881007723746	-0.12559854599654793	0.24612337597507072	-0.5233828998791517	-0.25738969359752706	0.360243006683657	0.41290480304070504	0.29030238326534796	0.27907003380914747	0.042439311257392844	-0.019335232962120766	-0.03476491726050254	-0.054074544303409425	0.051846951677782936	-0.03610503466676763	0.010261031147804148	-0.0075546747827793335
