0	1	2	3	4	5	6	7	8	9	10	11	12	13	14	15	16	17	18	19	20	21	22	23
-0.22938383582339672	-0.18404610432469604	0.0393039117018148	-0.07164069372294737	0.019664630396245813	0.019215705321122035	-0.19061940418989548	-0.12000698066034998	0.23284392640976434	0.06389516683445852	0.10004731360450832	-0.11806553863820457	-0.3951769426365408	-0.4991859947382633	0.04947055344507728	-0.37258227869680904	-0.4599723191438377	-0.10893316259335963	-0.02929413209951971	-0.02784157871644918	-0.03337765907739072	0.014512215197391981	0.007146651661986994	0.005032484487408563
-0.2371338839826879	-0.13857911785761703	-0.05071991608680043	-0.06682319997697517	0.019206023557628474	0.005616279689346679	0.1505212472845622	-0.15413069817800937	0.033691160663655226	-0.1803904018261175	0.03556655988824649	0.020856563851732023	0.1105307776517373	0.1011528388775835	-0.26088810432558446	-0.12536624382368886	0.10032071459648888	-0.29290558123786015	0.019916230078347905	-0.23824624529085967	-0.2279797315914862	-0.2671367054233406	-0.6451561781040016	-0.1911256793542177
-0.24452664297344556	-0.03690349967193877	-0.0669967182136122	-0.08374633393227111	0.0013625309683605057	-0.053476120939824866	0.19287988950918958	-0.16773297358528205	0.110829129515912	-0.11355443356036356	-0.01715697533347181	-0.021081664903782143	0.14627057335504776	0.14632340906624947	-0.22609759247715153	-0.17658653660626178	0.07931380569285296	-0.28402734500975585	-0.08244846895531643	0.35876191118525075	-0.3302800739037108	0.5276840854094113	0.2578231251203779	0.17787912343513654
-0.23161495553313577	-0.13647183287725076	-0.025982326480506596	0.010460447627584458	0.12970038078799148	-0.19418901178532907	-0.3756707201326384	-0.27908637744411763	0.31136586279739936	0.41161566698787994	0.06254821461947735	-0.14051368175003084	-0.07793549248586003	0.22168136107624992	-0.015173350089762033	-0.07196603699456729	0.47372617694316294	0.26855598994873314	-0.045717293538592725	0.0022447836366548267	0.051836571431558016	-0.033059171599011686	-0.013354073878718436	-0.012064888475245925
-0.24377527929780235	-0.058379392386977515	-0.06520028048196999	-0.04665918253718921	0.03666828074570914	-0.05929052897868339	0.16328627802970477	0.06510649804899096	-0.28775058052656355	0.11218514919693322	0.18380379164475824	-0.23046458677958556	-0.07219837831575786	0.07108299854422163	0.05045344961134159	0.012718554326043383	0.008916064885840496	-0.14980643520134498	0.053694614552600904	0.30137408541345584	0.07291734356318924	-0.21992764131220474	0.29021912103523134	-0.6675152246162537
-0.24030852946040623	-0.02299498948085932	-0.05489133465634812	-0.15684610022279938	0.08619335675678193	-0.13568543766541366	0.10728313138481513	-0.014599210649040812	-0.2539780614280622	0.5027064314268878	-0.18719971826619516	0.6117084031458588	0.26843290727169034	-0.22132253991091075	-0.03118294683531219	-0.07415178773466358	-0.10611623133350254	0.09879631285845417	0.020915362687899144	-0.014817957666999662	-0.028247698129524736	-0.004756123376112476	-0.002992092621695266	-0.008858571420506464
-0.152800416379916	-0.3568392645767354	-0.24247560151418032	-0.07156111953989382	0.1158867342427588	-0.07484362620010082	0.12133481797997007	-0.2365730723657154	0.12093953224368939	-0.282928960918764	-0.2074588974214107	-0.07146656664288079	0.12161401714313862	-0.055481983520174645	0.18109961255018453	0.43667415768266055	-0.25095524680809134	0.41100800704103807	-0.18717412224403202	0.1576234707972878	-0.10904826543149972	-0.06990488347946033	-0.03800855247484651	-0.0387603454428191
0.05730869666459212	0.4949127374167266	-0.05647042174169071	-0.025097118290595754	-0.12842694159245	-0.1638569843467302	0.2174638973960974	0.019730223481226137	0.29329342901992433	0.2539741935854808	0.059463546431787445	-0.06776347619669336	-0.030721705875998838	0.017525152621600124	0.15131699585381106	0.11915230330228316	-0.13480529035033162	-0.021751555317717042	-0.5394267210119466	-0.15744399184097588	-0.13727761385062012	0.15666709647131097	-0.1315571587218412	-0.25461090426942495
-0.19609045832262423	0.14014605494886345	0.303729887666585	-0.25767608055319574	-0.18883041372592627	0.3069132204875081	0.16915625848423654	0.10519562498925279	0.06424653750411842	-0.16560535296078624	-0.4339197352093262	0.09991074292118282	-0.3186774924126741	-0.01423513870567157	-0.05905630936398268	-0.18473995762406129	0.2481106400717232	0.3108611605852945	-0.11165076251854705	0.20068277755852715	0.09867463749435923	-0.011927227483227205	-0.08364305872559816	-0.12931491533486994
-0.16953299148151943	0.3545486622727601	-0.09107399409218768	-0.11288413093700815	-0.12074036187012431	-0.16211380944654685	0.3678770196407951	-0.13569674229928214	0.3601101522212991	0.044741313915263266	0.013122988270283152	-0.08156854265082547	0.013944581747437838	0.044415534803206945	0.012423624079298007	0.0368815655996668	-0.1118901998047984	0.03606605973298686	0.5426074264377128	0.03798877956046989	0.10965766247541536	-0.3136954253838587	0.11010418865207035	0.2355483989567823
-0.2144396139636742	0.2400141714483201	0.07101352462183591	0.08002323396789408	0.0855909647164961	-0.017208191828779227	-0.24490052736001508	-0.26849312227827166	-0.16868706339091508	-0.2027936003279369	-0.2257315008033994	0.11585827299929778	0.033342169874641746	0.30858984503192866	0.6518155948286306	-0.19714309542070066	-0.09944237793808157	-0.19075848336552229	0.03432211163476927	-0.05158593768213248	-0.029449668824612623	-0.016231924257994444	-0.0005169931023896493	-0.0009701465681969366
-0.14869288201692224	0.3970437409882175	0.08907319970027316	0.11470983448228263	-0.029755526602776847	-0.08550113786069238	-0.30923084452532523	-0.2403858033763177	-0.3368596529632143	-0.010431955218214115	-0.27965558469293295	-0.3591047673127406	0.13854079577219883	-0.12595553790468794	-0.4691420669623556	0.10474444432029827	-0.19191923540235645	0.11427606130890487	-0.01270212963129308	-0.020660326094980013	-0.008764118596503124	-0.010785648865797772	-0.0016278491424356867	0.0016355730825911542
-0.2042656671402467	0.27551494531960324	0.014229701018006264	0.14874120226720033	-0.05643881497940905	0.06681873767697594	-0.03934244207026434	-0.25248511562241316	-0.08342976077022286	-0.32280893438667185	0.5809106921954159	0.30366126712334185	0.011665384206581557	-0.3496069974363859	0.027540791034668586	0.09963668708722909	0.2576822526349429	0.18536372652531188	-0.051328948278839326	0.08593979787959333	0.03414835597616872	0.032134804104931414	-0.004607888248343152	-0.014601229075912282
-0.23512536636707196	-0.010757050246447368	0.1875054202441165	-0.06651394277827513	-0.058293825895641055	0.15681787291589	-0.09361655427577092	0.32095491450120844	0.06411739529221194	-0.03432588582852479	0.3532442345264258	-0.06696556109509995	0.385265706862843	0.34823616928709467	-0.041879371065083895	-0.2670760229851468	-0.35654744835448565	0.39659327303664793	-0.031663014948639726	-0.034725464563255926	-0.018611993732738575	0.016396292153998748	-0.02466851377662542	0.008400980368339698
-0.23002903967633462	-0.015626464034339614	0.20422609336676148	-0.177781032495929	-0.10653721015341633	0.1309730225391825	-0.19593107747385374	0.27631740032515945	0.20586636315090542	0.028529920930771044	-0.10400986690215798	-0.22559563771687513	0.4606146775062758	-0.3967108451519569	0.2470985972021448	0.24966892847061542	0.24133085719610145	-0.26267937446609774	0.05740798871785129	-0.01977943099428049	-0.036017103876065826	0.0025591940604993407	0.013533988844264577	-0.004974253709016732
-0.23128196667281847	-0.004256399298019453	0.22318829187492656	-0.10380504325589442	-0.043056328407331076	0.12249691577061501	-0.261165187360304	0.052429557429517874	0.11838240685604837	0.06714171239780477	0.09322254783158919	0.3115794768466687	-0.3096553006272293	0.2981364748836707	-0.18255050696780137	0.5770191397016651	-0.23033119468835936	-0.2540933090466359	0.040459407474482435	0.04983643912171388	0.014129312313521086	0.022628316191866206	0.006807509651026102	0.015808215748382363
0.24556454467816338	0.025106857734844078	-0.016514385734014758	0.08348747305418833	0.0036468631241020483	-0.0576738231631502	-0.1645469961734486	-0.1337441339552282	0.32130114264580384	-0.07614955670776143	-0.08879310778970671	0.1709623507861719	0.2656107190582665	-0.01696655610182833	-0.09059252016341439	-0.09010963011306712	-0.1499327150283713	-0.08891706717797587	0.13451889079580143	0.3655020707637004	0.4909919180270465	0.2128681119257484	-0.24650806201041234	-0.34783267593199446
-0.21320363594347058	0.10039623968419656	-0.2451350657190398	0.25980489986235455	0.1379225914509429	-0.24634490559320776	-0.11226890944604521	0.4320227185529545	0.08188011755767986	-0.1432386163488529	-0.08919272512764664	0.09605206188751328	-0.030542681982479863	-0.008052124037958866	-0.09350994788258181	-0.09817810678484215	0.03501911750871296	-0.1465189510090755	-0.3560909701598337	0.30303414143151564	0.15317205018485738	-0.37018660099029915	-0.016658619599166643	0.2683895875467331
-0.0879199368700218	-0.1275169415720756	-0.44996056572359927	0.15322543398383687	-0.8265075224004336	0.1423560955855865	-0.15524975914481623	-0.026763554755797444	-0.061944116084539314	0.08761413396312588	-0.054292802974182625	0.03973256823363988	0.0014182763750889942	0.0594025994010482	0.0359936454558104	-0.02886487638673104	-0.003411873245561546	-0.009064437851877025	0.007798582897793175	-0.00226905279143899	0.0018993064508806426	0.002396169554895093	0.00017116312913341382	5.3192040696804516e-05
0.24408093125720381	0.024714470671603386	0.07445826696182944	0.06891802888389202	-0.03269541742001285	0.06389043130896394	-0.19040311866504456	-0.09807399101355727	0.31735600363863425	-0.15327441261800928	-0.12343846236726884	0.27410691211682947	0.14937877540034655	-0.011038116539165255	-0.1784186366755248	-0.1161397332934477	0.0007351732228335073	0.003392777928084359	-0.05000697100229866	-0.11569567335997351	-0.3921082496593209	-0.3757680529977754	0.46329836782766487	-0.2658307181961174
0.07540634712184434	-0.1629023133950722	0.5337495314671071	0.2973671828867684	-0.3180076857613036	-0.5365373000231215	0.060768421759116606	0.05057349627717055	-0.050442357188856216	0.02077347883195472	0.00850663043707079	0.016460105154408145	-0.04839719744003951	-0.03881019994018396	0.10348146710357682	0.022344566611397575	-0.019155724778899742	0.07911518395675786	0.10002000872404682	0.24550480752858797	-0.27626797204193704	-0.029545775213601196	-0.16344671195243352	0.00438780758302172
0.21912624252994847	-0.07282070341033614	0.2387176906195416	-0.23285400005535478	-0.1314872389978698	0.21738360182745864	0.07651642686793052	-0.38969601819297706	-0.10446187950604248	0.19388952622946048	0.1490329529617909	-0.080951098305861	0.16432124741754356	0.04662944183612972	0.03418509209902568	-0.03356852169848871	-0.05827303520620396	-0.16778586712495458	-0.3667095139913739	0.3041244038531382	0.14187771248226008	-0.37747787320941584	-0.012318070328036211	0.28841798220520126
0.20065933082850776	0.2258113177010628	-0.22990971665606583	-0.058096896554474184	0.15510395605573435	0.2686876802574674	-0.2026230037480033	0.11677354800910049	-0.027112369633914234	0.18870828537279585	0.05121021296464662	-0.036029359747135836	-0.08275075602488942	-0.04028838720469374	0.10633701510914292	0.016554936453457285	-0.0217348942123525	0.10528054047201849	0.22748572671812933	0.4745314731678226	-0.5077499343905558	-0.058258165571510874	-0.3025652680452082	0.0037301615901849305
0.16785500075337367	0.0585834135256567	-0.13401714056213082	-0.7310262165350623	-0.1406939203114124	-0.4686939998152884	-0.27458465699763623	0.08290468132480007	-0.1248121253154556	-0.24231389238104492	0.10401213579547008	0.03824061728464842	-0.04983991464246371	0.016532861116188007	-0.012992036666303247	-0.052085171013316514	0.0398761737382322	0.01966164529155314	-0.006025762473623903	-0.006417496070250797	-0.0047128711206292796	-0.00034586335223701394	-0.0007576447654438885	-0.0017138039748085458
