0	1	2	3	4	5	6	7	8	9	10	11	12	13	14	15	16	17	18	19	20	21	22	23
-0.16765675619985265	-0.16755504242405278	0.3566360362036127	-0.1209525528325306	0.018486006593062508	-0.01320335168831858	0.06842296031887447	-0.1353434837232344	-0.07632521746378597	-0.5323492392158693	-0.5083585825159443	0.039387695173535145	-0.05413363139612552	0.2586269411646773	0.07136595804364079	-0.2645729921815471	0.2737951921028791	0.0906234292407536	-0.0010357370793713226	-0.02988126515820333	0.0012320341831183975	0.017236878724544224	-0.0004191855660331037	0.0012384658518106708
0.29130507405768785	-0.15361673726414024	-0.04925046559373582	-0.14953666039296404	-0.07790260785562675	-0.00018940711637545395	-0.10386045385807069	-0.06256707824016068	0.11648791513883731	-0.027674912627800943	-0.03780742684805565	-0.01884917474629368	0.02027469958977833	0.028669808298808976	0.1810949824729671	-0.1877003633840449	-0.215457660505159	-0.09343663767967725	0.166345290404529	0.19364468252175002	-0.1422176039454625	0.13095633042419608	0.29238450045246495	0.719319501990238
-0.02487724985619442	-0.28281890860872955	0.33658684046232734	-0.2768765393586617	-0.21398962818840364	-0.10847963028470804	-0.09799617182081836	-0.11315964957861108	0.21862594348473322	0.32147717819211996	-0.003978454743897112	0.02490614830242889	-0.11557993493731294	-0.243030586516857	0.08864886546734319	0.3222193767180085	0.38055752877253896	-0.04529843584009141	-0.12879547340584127	-0.08948684276733472	0.013426524420663258	0.36627751361907646	0.08650367185072658	-0.01713003852129017
-0.24977579227169233	-0.20914465179468777	0.20102385255000446	-0.09906598442401086	0.02105016904341133	-0.02774268024554621	0.08128827300817784	-0.056901727051042815	-0.19734573470132538	-0.2863632476458807	-0.01144427217292011	-0.012899380993712907	-0.19731217296879666	-0.175339134647003	0.001257311607217918	0.5074113101486316	-0.5963516975017242	-0.13460180985899808	0.03903291868319571	0.07216424586202018	-0.03134613714687261	-0.05165492800985784	0.007797187261481898	-0.0011688187353035254
-0.2474974627329752	0.10831511827254715	-0.2373344529468874	-0.18392061985715713	-0.08202616975475116	-0.04830121404859106	-0.2053562045912544	-0.21673529737250968	0.10706986590609338	-0.11142324669654512	-0.05376702494110814	-0.15835829300902235	0.1879168731270242	-0.17513094296347761	-0.022634543659140687	-0.016451621038025596	0.027040580857073573	-0.1607355629020553	0.11205156201107284	-0.542288729162384	-0.4916726776405122	-0.18089907137878164	0.11010421819807735	-0.015769028843523335
-0.19158236493779662	0.06637426221628553	-0.30769602280617286	-0.25722535480796144	-0.1597531173101397	-0.1844567236722797	-0.15258079834407462	0.02873926480418757	0.10215993971370951	-0.10413413518706033	0.28199324011320454	0.27159553415706816	-0.5499802812399521	0.478867797994267	0.007621426962213764	0.013627270996985161	0.030207547397093693	-0.025292219309619758	-0.07252760062337778	-0.013644058869595712	-0.003103273383094233	0.027670099542471453	0.004404448722336767	-0.0014538314381119628
0.1623178503825502	-0.3885153697424063	-0.027401884669203305	-0.2540265499296324	-0.029670893557245198	0.016382732133759927	-0.02552340274570149	-0.12546413628845257	0.05767373241160971	-0.04204223569911639	0.20099414427240148	-0.04090756133605288	-0.01627849316011095	-0.1687662392128648	0.12096943496913862	-0.09574556656395468	0.11440281458987442	0.04206785636666162	-0.23588603788288198	0.06890078959264083	0.16408040273698532	-0.7150831334340432	-0.16001400558997672	0.03248368098494241
-0.2930412807905654	0.14324020711262608	0.06630813926596925	0.1356738073439299	0.04638456444365481	-0.049523701016989004	0.11331539337404503	0.1098099710142843	-0.10226382327569601	0.02953732951492954	0.04354248657899363	0.05303570001185253	-0.01692463520430007	-0.06667232532071499	-0.1262281476728865	0.14115222959743398	0.19258317090833224	0.04399589432965858	-0.10173512935529161	-0.22541363461086927	0.07594844538551779	-0.046687789211907985	-0.4761211525189901	0.6707081501137095
0.12041437894376766	0.3148910086332217	0.2742461322512343	0.005330938835747373	-0.21281239861257017	-0.0629547865622526	-0.18336130913518456	-0.042518287687906664	0.2700805769128064	0.3262043209640067	-0.4492147617419835	0.20570601530412583	0.029307532111019358	0.25730184828618347	-0.021420230816479615	0.17371176327485344	-0.23589003670995434	-0.03144801787146523	-0.008400265038907659	0.005663675864582598	-0.0011984084884522413	-0.37334035742094374	-0.0953253608076105	0.007519437082065437
-0.23842727973210126	0.05846422225946357	0.15551129232908767	0.016324180908030977	-0.1835526389449014	-0.41378371474026193	0.12825316575607162	0.3992601185071131	0.02906812821433919	0.03788055483605575	0.05067901753855952	0.2984752743967801	0.028806971667241218	-0.34143463113293143	0.3500267927247216	-0.40352098109820417	-0.14128407313118277	-0.071899555132866	0.055068940411220756	-0.00551628396580837	-0.0242658872204183	-0.04221107884115824	0.016227519551689763	-0.0836615213686827
-0.2589146736276176	0.01860421142261889	0.2432469406073433	0.04432408648424406	-0.06091629582683702	-0.00042368123339222316	-0.14985115854058886	-0.03509342098448406	-0.10270809971095471	0.3157164174402898	0.04084560580714203	-0.6752517168155103	-0.36412182582792185	0.07074445138574328	-0.01389268869167686	-0.3311060169881437	-0.1296936601679962	0.0646830700992099	0.040102642000977164	0.054612879212058256	-0.015253447571131422	-0.044157598987231164	-0.031823972389749496	0.004720866855108514
-0.11181708340479189	-0.10602802881617093	0.2292698735085317	0.02103502618326186	-0.21990479607158753	0.3448962501982331	-0.6343548308061395	0.19355915089494288	-0.3692890815425703	-0.03361640512878536	0.2116449100143837	0.23928176198619638	0.23214064232944712	0.058300899648241436	-0.10188911282208025	-0.06657465026142674	0.0227189912666811	-0.03982233111237525	0.03693329278624909	0.02843489387665775	-0.008344145128298636	0.00042810683561019116	0.008065612966772735	-2.4186874865956208e-05
0.15922704104582736	-0.1716482481957295	-0.20582851616130424	0.036714111375252205	-0.35185518133119353	-0.3838039238155884	-0.0632212198933403	0.46082934553658195	-0.16803735608293988	-0.12182368565209109	-0.15977236031719705	-0.4019982407300095	0.20884079484228812	0.2144907755703598	0.04012941921967476	0.2775192982062613	0.08409437760445265	0.03762243423184487	-0.04943877681172973	-0.03739044979500526	0.05061061659350609	-0.02437933937231905	0.007817313164449101	-0.0005387968368240791
0.06731617111965539	0.34199231526273854	0.1306001736976091	-0.3266153445277947	-0.2629849245439629	0.2021516125044793	0.30810093391707055	0.09507803739240728	-0.10038431410364233	-0.08328113435944663	0.1308783045948242	-0.11441779003671593	-0.040602258322143786	-0.03343194837890333	-0.06814663155238136	0.07965305408388505	0.25679204039470654	-0.3384809270495829	0.4900074907347273	0.11471511238607836	0.14588531682425543	-0.15089795611988932	0.04410388490868549	-0.0043643469578342605
0.10389680194008238	0.34237156312647016	0.1169769306820698	-0.29465183593358035	-0.2451012501081629	0.2914760170283007	0.21106691054632049	0.015110067805168426	-0.07713617060677916	-0.09965990340508263	0.15376754384258717	-0.10340349755060521	0.12732675373077662	0.05837030739184203	0.30556455273709515	0.00085574189493627	-0.18333251619195662	0.33939255152348047	-0.4696783888531798	-0.12085738057562348	-0.12064788370323971	0.13936397113362822	-0.021565178038282066	0.0043896569416192206
0.28579453149522743	0.09569760672307512	-0.0013158343259548379	-0.21445656994815585	-0.11771584866340822	-0.10504574177895276	-0.054607094566313845	0.15989654784396082	-0.044603659311925704	-0.12794188289240047	-0.15496024967829	0.048872296596432316	-0.24570235271061333	-0.361239704248685	-0.6862538709171929	-0.1897874476480106	-0.07730083191937752	0.12954071359243535	-0.17838649990527355	0.012443203234865832	-0.09267251713005638	0.060322164885336614	-0.01347632564635265	0.0010282830764501852
-0.23285869949714968	0.18545048988316792	-0.23146305831305633	-0.15764922707407653	-0.08482210378257239	-0.052846241892924195	-0.2013889346339845	-0.2197611083547549	0.09544662824575066	-0.10117827112362054	-0.14899549681305665	-0.12200557808754578	0.2317768591863194	-0.12282739766637646	-0.01856829806151273	-0.12208186670432784	-0.1156070158790728	-0.35151410471793765	-0.2772380405367869	0.14900270314708836	0.5660004556387608	0.1844872136294304	-0.05541727100094355	0.013250683278034428
-0.25797624875417113	-0.053342238872912104	-0.12729148226324893	0.23978584413266502	-0.1898375099863436	0.28187002381063186	0.17834674560497313	0.1488164399765724	0.10757695761234204	0.023948551828117108	-0.1399668931662087	-0.005178179887318219	-0.06160339468700396	-0.030737772514575278	-0.06051091124263211	0.0339815661596359	0.1767812753026436	-0.3145271848024658	-0.3875296148825035	0.42275927336045677	-0.3956847592063183	-0.10712931483874498	0.13459250440377146	0.029963001113428284
-0.10143725864946904	-0.11013098267873349	-0.32673306803507696	-0.3885732311831504	0.1491413174601594	0.11573777359383201	0.112515874925977	0.05647446745875169	-0.527955674380355	0.4394015616478289	-0.39662605974964366	0.15291339814151916	-0.04170376697312255	-0.005881481614724449	0.10682435444063366	-0.03177303589281437	-0.0036207156129997153	0.03124207756763635	0.021185396426020808	-0.008078361940865555	-0.011231654723957684	-0.0036420795513682357	0.002401049468178224	0.001255257511638627
-0.27000903003858023	0.14950492888607306	-0.18237193641316726	-0.08855393964694425	-0.0963207225827367	-0.05644281831646911	-0.17583494394889798	-0.10836351555546773	0.12020311538162512	-0.07814044799718733	-0.057280503070546385	-0.016964416623774525	0.08746449240543629	-0.21847757152264674	0.055053160656761094	0.15480019537985545	0.11562150073098906	0.5943140208985854	0.2798079115882236	0.49297726362485134	-0.08254104145062661	-0.030936482900335432	-0.07930053656083227	0.007925853743155676
-0.17655483361785324	-0.3247863519399785	0.05133441908386785	-0.2614542591709429	-0.11125882352528559	-0.04519196780165776	0.28320192935290095	-0.03193009525610427	0.20220054852918096	0.15069566836093573	0.15370919621865767	0.016994780745166985	0.4104544765496025	0.3017045362962016	-0.34262111526411493	-0.16059602234790268	-0.20374743314069818	-0.0007184805210959273	0.10854805316922421	0.10424912720331142	-0.15107244677999998	0.133237254267969	-0.3130456092934708	-0.061480585902650896
0.035485778144576485	0.26518810843418367	0.23528171177804022	-0.1608786068492665	0.3499489538075613	-0.4849070860892457	-0.06153077959717217	-0.1659379833046341	-0.3049177664966368	0.037044554617208764	0.20185649509077846	-0.019397439750703196	0.20441407503268189	0.12239872450776745	-0.06573173125424948	0.06480810828433407	0.145741219667973	-0.1409277814944816	-0.2155773873316167	0.29383406567959713	-0.24208880316422596	-0.07468060342194555	0.1361059537307522	0.029614669866788967
0.3097825753584079	0.02603997159844299	-0.05859000940702515	-0.020458461570578186	0.019211722538980958	0.003927468808246242	-0.1883092005396737	-0.05094243319481276	-0.04355815805440319	-0.10072034532504515	-0.07077497448000615	-0.05320573025799938	-0.1347133328829907	-0.08367715807776091	0.27762207336193717	-0.033178454575178706	0.006299425459615121	-0.27420145332287044	0.06908802087196117	0.15498673837100738	-0.30164154186629105	0.19799930830964582	-0.6967297392785259	-0.13496397724122497
0.0907547591767067	-0.04280244229302401	-0.07126265861218772	0.33797472226542274	-0.5515100943575513	-0.18410680053566914	0.18054885905996368	-0.567881787973756	-0.3762800430792467	0.060352602276388945	0.048853557783039306	0.1396517329753093	-0.026594134439360283	-0.023490915004725346	-0.0419620310212467	-0.07319401505437903	0.0012044864317752833	0.03321104544774185	0.023471027765047107	-0.012352496194523345	-0.0027103934293415785	0.012489913436495281	-0.00360519514115036	0.0002473172816611647
