0	1	2	3	4	5	6	7	8	9	10	11	12	13	14	15	16	17	18	19	20	21	22	23
-0.24986774027834813	0.04220672063039596	0.35163437798338326	-0.0019083105734596102	0.07776374672982772	-0.11909164185233902	0.0947110063003676	0.46054910159939666	-0.12575546871391594	0.3463277074680722	0.1902355182317146	0.179953863342763	0.4350939794893291	0.14690050020807446	-0.3388246862597117	0.1669162369073167	0.04764323656242593	-0.07800510395803122	-0.011557366854186566	-0.06353031062879458	0.010995943932101522	0.009734010413523796	-0.0032055697883858125	-0.0140848659090363
-0.3019925338845631	0.0914977938726361	-0.037048959031305194	0.13377803281657205	0.0917913682993244	0.05265743240828219	0.06738957799255431	-0.032726823936444265	0.016672172378970954	-0.07622488276383137	-0.12339782076474667	0.19630846829517512	-0.1326403051507695	-0.026843564956493836	0.04004371251807202	-0.013540052097379504	0.02924083116053384	-0.27970243742423895	-0.09950266638799633	-0.022988734122928255	-0.061143797815228725	0.4638634103351009	0.4281741506965441	-0.5409591958900379
-0.3122606361062989	0.056782198452390735	0.016120576159113848	0.0623832348062188	0.028367689951855554	0.01676920837299158	0.018767744219274386	-0.12189035921083613	-0.04071968556982317	0.009812543888566377	-0.20636345566581019	0.20225494978650566	-0.06362102430984944	0.11230013291508815	0.05903596679698907	0.20492848680848744	-0.027842750308583623	0.28818081250558053	0.12426595083734658	0.3643250156914354	0.6994512913675953	-0.055161438604929815	-0.07715533708453678	-0.034769665424595815
-0.2734788994317255	-0.04510798168504565	0.3125363633538211	-0.08422122303220582	-0.018681436158875252	-0.10112574364624904	0.030777618491516782	0.2501194973449987	-0.08687672847627705	0.3161303421814836	0.187763094224082	-0.1259839743580995	-0.4171785409004063	-0.10106291557598351	0.47604600962651705	-0.38892704776430675	-0.026687932276388836	0.12145586425589829	0.05084340241574527	0.062132547901094286	-0.028448876046586438	-0.010422807330222645	0.013476990503177223	0.023716053285902306
0.0022157591042024864	-0.1218711336441623	0.17822833364718857	-0.272796150225764	0.6215249637154989	0.31358813164994354	-0.5311272657711192	0.10469522115612102	0.29923072220241453	-0.044459737820327146	-0.058739438058704574	0.05582784730648217	-0.03646104227655308	-0.009706767994404016	-0.020333660388486583	0.00781665305144906	0.007865911907515493	0.02663686803363534	-0.0008049669068414965	0.020729366116643354	-0.008343102321937815	-0.0001545136132597036	-0.0027146103840128373	0.0034175396741797422
0.038120940893340866	-0.12775985003632323	0.3458738655826954	-0.3933249469594641	0.06654649597788508	0.4697475456996973	0.6325396836942034	-0.13033129106278088	-0.10639754521261718	-0.22023392094729016	-0.036732159186398744	-0.024939220249959294	0.043269368169908715	0.03432045064580582	0.00591971000139029	-0.02258018401083728	-0.013251094367671992	-0.005272839206199286	-0.00975856263506339	0.0033710570005777677	-1.58020946848016e-05	-0.0009892260948218502	-0.0009857476518212022	-0.002338515281313402
-0.2185733488612116	-0.2599948929779453	0.0709482681116838	0.0381419325923566	-0.07159525622104668	-0.07530431796367552	0.056627476497745965	0.07718727370082552	0.08662138144293094	-0.0801830298660695	-0.1088300435676738	-0.04858661967630742	-0.2958381285264977	-0.02024870715405564	0.053154872987385714	0.6520747101860681	0.2419206594871279	0.32931214698851274	0.006997921801482262	-0.22720460430287112	-0.30490765816695453	-0.041463568025381606	0.022496125612641648	0.015730135379937837
0.2273606609801528	-0.0763718013076511	-0.0004635837096818688	-0.4329626750420516	-0.15936250089105197	0.01016843902086502	-0.24705655531966858	-0.31303674651132585	-0.3932586048612413	0.5106851212525296	-0.14605022179894392	0.017237248757325026	-0.0027049297245065854	0.08776934508147145	-0.005790901171288859	0.1326952096054585	0.07850542042997119	0.05471836376551472	-0.008868315639825396	-0.041176212458472805	0.005447276123727999	0.019827739505787322	0.2904411528650152	-0.11111656266213599
-0.10951968352052142	0.3330370202187228	-0.03626598117203852	0.12140325938319696	0.12922825791314302	0.08637439833993044	0.02725568943972018	-0.14039371830952654	-0.10088012754268318	0.014809798602320881	-0.17831387067553967	0.33376472690230113	0.10601169862132256	0.23651701078954682	0.005556093198950712	-0.2687754840197119	-0.16933567250933665	0.5551687279417216	0.08138179681978389	-0.20469313579575688	-0.36778936367122583	-0.042020178151201376	0.009808969711474094	0.02903796632046039
-0.29901809736550694	0.09502933445618439	-0.05933829205094298	-0.04126786212136515	0.04807883200560044	0.07423405625333254	-0.028488732299230823	-0.1943655066833431	-0.1793910065543324	0.14991630725530541	-0.23606571951662708	0.25388151314614105	-0.17853933792570242	0.03108212209217862	0.04543244222785208	0.04420650903068964	0.11993298756528195	-0.4935791893636158	-0.060133894215914516	-0.05723975080108438	-0.1672165037378246	-0.005235672717519737	-0.5433806218972781	0.22377226817193538
-0.3065443992622999	0.015233417044088848	0.06630943379503693	-0.0960895809173069	-0.05691236414330966	-0.032935581948849234	-0.11597472860684044	-0.27241501093603465	0.048051211313516445	-0.023311622510408532	0.18863757447288823	-0.1427274990686734	0.28899198084981165	-0.12364740953891909	0.2631443903070164	0.2876471148442277	-0.6838809908512268	-0.07916459293153644	-0.06077712387834797	-0.013920137432765132	-0.11052910167072257	-0.02251811162975174	0.002426598828807727	0.002910114404833896
-0.2770655189432056	0.14509654272716344	0.03225573086270031	-0.05721296753417893	0.016410349890417775	-0.029468135299114854	-0.08918341681189869	-0.32079292436071705	0.06904679944952744	-0.09171220132319466	0.3729643341510302	-0.40886249018367976	-0.11182161978747351	0.6007133072412211	-0.19293012559174574	-0.06920039827080503	0.21893666099188971	-0.01597902703058514	-0.01974861160011949	-0.02816124609780966	0.015775618811342557	0.037292530701911644	0.005234692622668074	-0.0030040338290828897
-0.2887302520541936	0.12544104239893977	0.005085201641960409	-0.06005188545628147	-0.003672836555481978	0.037972593950987926	-0.05315937667110834	-0.31562058128956777	0.005817243231729934	-0.005002195999104137	0.20856585796554464	-0.02517102769658827	0.2590674870808469	-0.6462050385826373	-0.10873065597022771	-0.11755206735442332	0.44643795280748627	0.15805023664923626	0.11779276898200736	-0.014464111785103338	-0.009401738784050633	-0.01830728924159386	0.006368990735755553	0.0021254456675381178
0.11582791590977316	0.3287533991866035	0.017182586054054785	0.10539077741203985	0.186697992277134	0.06309085373299278	0.034595094674848115	0.09735111306511729	-0.13104305741193692	0.014697136310391785	-0.147452862289939	-0.31382771392126324	0.14986088162485142	0.052841854276380544	0.2906225507658614	0.20533915513678655	0.1110681764601083	-0.1621689994140588	0.6872759831329449	0.018639006478316286	-0.06317782445561974	0.08940076919551944	0.05908950824578232	0.03593346774734548
0.10071744472910685	0.3355109060022509	0.029666226062730353	0.12413908452776236	0.18059304463472856	0.06279285459090311	0.02522970631352133	0.06857626621507759	-0.12339417218590049	0.027600780511999882	-0.11288059020457474	-0.2459972459425818	0.21105038066192688	0.006372033391247439	0.3805323434127093	0.13040182094445535	0.23728292758239622	0.0771676843077146	-0.6683160435574024	-0.023731105055571865	0.08449662980424559	-0.06815101265318195	-0.034561831938535174	-0.031914505849252234
0.008958764096309801	0.35417090582528477	0.03946969199395972	0.07393819783431822	0.15215925580702197	0.10521729906867539	0.04159106706792986	0.0656422656081565	-0.2223238498861085	0.10224868289484076	-0.07020211818869547	-0.32921266073427236	-0.4177734006559731	-0.2946756584244816	-0.5247237726540257	0.10004738320820485	-0.30892294661542596	0.06401345481006589	-0.0799804301078857	0.022790905528150184	0.013909032734230697	-0.01950864814202999	-0.014733898869392985	-0.007262082276899152
0.08849284063574256	-0.27688983186223753	0.037236467773443985	0.4113532541841388	0.24911805303036874	0.07056753006049124	0.1535263901680933	-0.25758832026047296	0.02880102177113336	0.31044867139833976	0.08129839279894135	-0.025023351890132283	0.034918417868233034	0.033486620147742535	-0.036457091667417174	0.0430285833159151	0.03186451287579185	0.0004964858109440286	-0.03108718539599147	0.5920275347418976	-0.3294311946694237	-0.11516950823475498	0.03223733014790786	-0.05167034826207128
0.26577478275215427	0.19225603982752462	0.07259068374476015	-0.020876018749579124	0.03937526438173157	-0.006725316971995077	-0.00596217129481777	-0.05380165964958248	-0.029085561945692534	-0.027131915506678848	0.4067283883017527	0.25099330406241666	-0.15590150189488874	-0.009314824148303756	0.09608643018448296	0.15962015751771172	0.011528003337103417	-0.011679371301009338	0.1050849446772488	-0.0875665074360934	0.01267772494844481	-0.31307269647488445	-0.32350581388555033	-0.6093013160927812
0.013015440789690393	-0.26143119333212145	0.32890314586861535	0.23662075509768382	0.06710646818984342	-0.1239479110748402	-0.2889368308864735	-0.04804695859651294	-0.657641498078107	-0.4711103371479572	0.01117408114913036	0.011688312173080459	0.029864540071687033	-0.006957108576589871	-0.013540227681154971	-0.074102949202986	0.005639325625463616	-0.013289611957170783	0.001979297584556176	0.009231404329965833	-0.006391339692296738	0.002215594633138337	-0.0005736375221968279	0.0010101104887695793
0.09072821129863783	-0.2825702230826431	0.04703953821424324	0.3871995140153598	0.2552292170591851	0.07659204832725282	0.1283202526370973	-0.2518205696223988	0.03715271512960387	0.28754120790001514	0.07098279825981965	-0.05757542614377961	-0.008756110133945581	-0.030706523957007514	0.03184057163026293	-0.04203111623086252	-0.07098056229564191	-0.010156940198355462	0.04834141252066713	-0.6127925230859445	0.3367404411226854	0.11035623572659689	-0.03862289456093668	0.05125640464274992
-0.04600375095628893	-0.2019407088826116	-0.5526677576683677	-0.15765876540883372	0.1914752504689292	0.11757236070626725	0.06613081338085565	0.204016942758442	-0.3163217505931316	0.019721368502367956	0.2911513843057668	-0.06499116875584632	0.06065675510915344	0.006810638928232698	0.050084056999738155	0.04703672742973198	-0.035372097090604425	0.2268625755841564	-0.0034226746805618834	0.07915933660556528	-0.016947078409399945	0.4354837917924522	-0.28349869208552825	-0.055991157618373755
-0.21177459142890132	-0.26235566538210087	-0.07843510330236962	-0.03148331857535035	-0.073386366000649	-0.011176143541975523	-0.025096032324978958	0.08585421889170944	0.027893605869059312	0.05667406654881436	-0.44571938869524463	-0.3986129325227057	0.20935469621913114	0.027991427518075	-0.09370866419896218	-0.23016853957101402	-0.0236208837876813	0.04066413488988867	0.05812095903200384	-0.07243681062698039	-0.0395646382795587	-0.24481337240943243	-0.2692491760853484	-0.5029075382071697
0.2389354701725816	0.07416360077833736	0.42244915104161035	0.021021375920904715	-0.20526905583327498	-0.12231629109402221	-0.08907707736368348	-0.12842345222052126	0.20867801865596283	0.04935801701251509	-0.11728807426069478	-0.06539092468203925	0.04805879364738495	-0.02419181318344773	-0.041292986060789724	0.012054900542371086	-0.006918663098912508	0.18013129897821367	-0.016200657503551395	0.10949742544901742	-0.04412719244077979	0.6240078144945914	-0.4065177124340091	-0.08296396124393172
-0.055443867251774734	-0.0010746838058026736	0.02186815023992132	0.2944359095966895	-0.48221831711479446	0.7464838358394615	-0.27000194114991855	0.1560216084116707	-0.021454176123865278	0.07497348893539732	0.11512736599292406	-0.0050195502341103355	0.013685608830454301	0.039691009486448735	0.02103295139813731	0.02590832124019684	0.017934723596125666	0.0058207264668526	0.011100338291909094	-0.0038322994908764883	0.0013542356954122738	-0.00028250749754752736	-0.0022859341169735874	1.5964858110611145e-06
