0	1	2	3	4	5	6	7	8	9	10	11	12	13	14	15	16	17	18	19	20	21	22	23
-0.1888673383897077	0.24720396542009415	0.16734031297518437	-0.061553001197386936	0.2620334311247534	0.23795226159662847	0.11721585929225237	0.1224692130271941	0.4198072831403084	0.23995946895999795	0.10080741239142794	0.3694320602828895	-0.1931124550155635	-0.14302958416302705	-0.1050558514607974	0.47884702370427407	0.16222678912674712	-0.014688894038771105	0.09251618082119817	0.02216602654018404	0.053825488982822335	-0.00790209295594647	-0.007717555015192148	-0.01617666006397718
-0.24043753387838154	0.19202273496098707	0.012716976821284073	-0.07335692815799319	0.13438537886436214	0.1255601495008356	-0.1598772819212721	-0.1324863640821706	-0.1775442661860399	-0.18899265969746448	-0.15355718467059412	-0.10329855761566485	-0.0034206629909584235	-0.06845512861440954	-0.02405187207815584	0.02809489973908412	0.329183680296087	0.08845165485001484	-0.3279122425037513	-0.22600660576211687	0.10953586097929803	-0.14510225211296862	-0.32654768651415195	0.5484546913212274
-0.2692900215220221	0.050689507469277736	-0.10712514239916746	-0.06772275177752578	0.15041240540223377	0.035361484846023604	-0.07623771769676659	-0.09381292212147449	0.09170297271306437	-0.022134364761031027	-0.26216515335298685	-0.06827820218237061	0.0709723279153542	0.0959613111512002	0.020531580735857164	-0.08430052590596172	-0.25321992563861284	-0.08674262875091683	0.10692051930827681	0.016194266964289442	0.7858730674713714	0.21745096383990056	0.11138626270130743	-0.07530690719352906
-0.24893801674324606	0.01699389161399573	0.1856099401003588	-0.0503069237788413	0.2985282301720585	0.1883148366797675	0.3418420263481797	-0.027192178361648396	0.28867514849724313	0.11672655483507141	0.11723164819998265	-0.04227288213847363	0.05840635191189595	0.0966407188467253	0.08718516997685828	-0.5954728595556574	-0.21045359814708178	0.1458813747627695	-0.2641668146783252	-0.027751445959804735	-0.18272285279913028	-0.03711040794650224	0.0002049001276039307	0.016200752256564935
0.04329671729017503	0.3888688133763871	-0.06958845820314614	0.05044037980255425	0.07320580050451868	-0.26753716328550675	0.23078891035674068	-0.06681920541490191	-0.12051017693411539	-0.05331507629787919	0.055403758831193035	0.369559348273017	0.6240546060009835	0.335960652918384	-0.14975593053005917	0.03233667990235864	0.09562457302277504	-0.057395644012981625	-0.02390969312801857	-0.06095072623728263	-0.02220193228629788	0.0676912997309424	0.015325874981010368	-0.005108929490339226
0.15542910431826124	-0.19063624627249504	0.308224932501801	0.05137183047705622	0.4966278903509435	-0.279599817739762	-0.2158121007781355	-0.06011674703806488	-0.06208176117895267	-0.047661885691677834	0.045285850903642705	-0.019210739281446038	-0.030860745392295292	0.31171220290982565	0.29292991202964347	0.29612484396282845	-0.15229555235307196	0.39780918054970443	-0.06222175739478606	-0.0036607855604954614	0.012630920177574712	0.008442643019778458	-0.027340410771866126	-0.019595672477025587
-0.2609627332916685	0.03307700967119925	0.1375290509891364	-0.0584616252319885	0.20796525899569285	0.2170508968370057	0.11578475020022373	-0.30341358812285923	-0.17853966450766987	-0.18991847250540386	-0.11864459461624952	-0.26735832178648683	0.08138947432572342	0.09493544640880713	-0.07469703699790409	0.12279660632272349	-0.09129319732283943	-0.1645001769383584	0.5719714029984478	0.20357444351355772	-0.3256279306996687	0.03779290689851741	-0.09781435931279796	0.04277405511123114
0.14876408313950226	-0.3055809371871407	-0.2211578758611248	0.013587596068320617	-0.05276483567362002	-0.16025069544686452	0.15628258918386675	-0.014344458084861357	0.39185571974591765	0.05555588678145243	0.0711164816025901	0.01034489395845783	0.11233008247988165	0.036213224756533026	0.06805786168523688	0.1086973648192267	-0.23649256079482578	-0.19302664578535003	0.08414771930015713	-0.00881926508933834	0.01060096955760686	0.16330807962116933	-0.5789704306249478	0.3574716962328556
-0.13837235359696398	0.2565597551859375	-0.33102811927178893	-0.07917690632555724	-0.015453807531614999	-0.09476963879236701	-0.5355779535624494	0.10084168104119577	0.21916886255224413	0.23597211130112705	-0.330089034573581	0.06461957647380731	-0.012204452082547472	0.15127558653077725	-0.12635006878817645	-0.12027034683254721	-0.17033405160362608	0.24760556887183374	0.10534565622915615	0.08291453336628338	-0.3329319916552434	0.0013006206797796075	-0.05276951758403718	0.026628881117561027
-0.12535362162306235	-0.25160656162060113	-0.379201680581682	-0.08984431301639699	0.1320627014658023	-0.08988524393929695	0.018417647303046857	-0.24990432036056945	0.4241329638323068	-0.21101091287229087	-0.07032833088694256	-0.2087058873652325	0.2423136085756071	-0.06980707497039079	0.1366566311507722	0.1704765287553769	0.3380290416486598	-0.009166742326689705	-0.12724284316875692	-0.040971751408286045	-0.11692176594200986	-0.17198592377637856	0.2974109272538189	-0.18066101512222812
-0.2630754074954147	-0.0446468792530845	-0.1515089066388262	-0.013620562107039241	0.09066313805849747	-0.14147917862243048	0.0402723978391403	0.4372798654060208	-0.10148593366443048	0.13714230165983912	0.11630023551412492	-0.10888996921625341	-0.22729640381730667	0.45923223460091744	0.29591612041976767	-0.10192000483070787	0.3775821959684096	-0.2920870544586653	0.16716875952675792	-0.10693548693336102	-0.013468598049334988	0.0427509938769112	-0.00780917631942436	0.015808411152778853
-0.27016805107998754	0.017265357666272737	-0.05159948200930463	0.020076335433767783	0.10416378605285595	-0.18344725818548727	0.03914971173902491	0.45856903682907724	-0.11123786499114575	0.1021634241178019	0.2741274547715145	-0.46816227297580004	0.28729077029705774	-0.2682045077924368	-0.302881966597969	0.2093820226928913	-0.1887369373961714	0.14028685197830357	-0.0641437167663188	0.0003533727437458685	0.01941776873170511	-0.016634001095869277	-0.0035189414466436923	-0.007787952466770428
-0.22321344855243874	-0.11816453422603475	-0.28058589305509385	-0.08488261036472682	0.21594490914903533	-0.1215500678488928	0.025234228495224914	0.21996538552405076	-0.17311230622605003	-0.5264485323563145	0.08233560630452938	0.486963340503401	-0.13570305047351458	-0.30729014086144496	0.10391861613327733	-0.11412668865909963	-0.17030302545827114	0.06392255256671625	0.08665815397635242	0.07897165737189087	-0.07086765046478832	0.0026798250434050307	-0.016643922426616085	0.0038128889480621595
0.22295291147931012	0.2265934059640602	-0.06475790771226553	-0.11362169692301956	0.07342377413556114	0.23077381604522798	-0.1718732512556106	0.06471148428961966	0.03904156586269339	-0.03901421064958476	0.18173078694025616	-0.054814850376994205	0.1518525073374512	-0.09851071538975806	0.3005278838311047	0.008643970198378021	-0.279329312579239	-0.14796574673049254	0.24756330919801348	-0.6301061945281229	-0.02048811140446714	-0.2427126024072402	0.09668032743696416	0.017877158016793585
0.1955094986061246	0.27940638423613307	0.00764085016585387	-0.10063952923594387	0.04593385537615404	0.21146964793974252	-0.18213320509323333	0.15071698631794275	0.03389607103741739	-0.04186034505519975	0.12786400476677506	-0.12022557776876103	0.2755453217870672	-0.2085534323835304	0.48962140660010633	-0.06030628722021088	0.16729136744903264	-0.026353817865084526	-0.0650523205093805	0.49838334928159644	0.014859426274209194	0.2881740212705884	-0.09847901878291142	-0.007192547843932159
0.22914778320852894	0.10642139436124316	-0.2718140256485254	-0.15412746126643845	0.13110883817378652	0.1927429307408264	-0.1491801217849202	-0.13100160666097374	0.07596038421290749	-0.2443360057691397	0.5590278504104923	-0.11720007023208492	-0.23330047351995825	0.31731863931957566	-0.4014045780507243	-0.06331883875127882	0.025889516631678034	0.051501985644833895	-0.03429725219140678	0.11618196611522412	0.10539451036540474	0.05653943118291106	-0.01572746836948012	-0.01579914930041695
0.07655693279143577	0.3769248944213495	-0.08206303391054313	0.047268470817404915	0.04931792244328523	-0.3409916744018039	0.17098815995565483	-0.09580625246206266	0.033513347536582055	0.016305200720303722	-0.012772962714023364	-0.12875969329127834	-0.23296282090335793	-0.023892504362295917	0.14021754509612344	0.01808904430278973	-0.18466705919632256	-0.1935954766609009	-0.04805314002693878	0.3497800851193032	0.10752901566490808	-0.6181764301473655	-0.031351151380689654	0.045704520189763266
-0.17481027277415753	0.08129868932057371	0.38989168568826404	0.18910653065150085	-0.37022770207897215	-0.20678858832805258	-0.1562619291797273	0.07459801401257027	0.3933487265178376	-0.3662170494096515	0.19635491172531766	-0.0211438430921905	0.06353380834521277	0.041857993555318815	0.012521760250836733	-0.15034212738609887	0.1284273507815958	0.2026231189880093	0.31818335503670997	0.007864499927207412	0.11013319891998129	-0.08878316346034569	0.060837423458405045	0.1621374030056021
0.2120275258823383	-0.11084354966059845	0.2467086095562094	0.05111147936112063	0.4397280299317904	-0.249992900815167	-0.31986864151946276	0.030295614869763052	0.09298808647050953	0.04900336996454625	-0.05589798530648164	0.026428673619667387	0.062056032588324705	-0.2541226598477391	-0.3067811808475813	-0.3056320292352205	0.18631349233954086	-0.4572430257075867	0.06765596873221325	-0.00441605913810641	-0.00815457824076171	-0.0018723736836532944	0.02333034019669855	0.01919449087102214
0.07381637926426632	0.3706133318302774	-0.10050696849503024	0.0725989246617402	0.0788867605537403	-0.3738816598960444	0.22361454926807908	-0.22591147136194056	0.04422082859787567	-0.005159502911209611	-0.001337300922223431	-0.20593985222973588	-0.3216090195263142	-0.26006365119214603	0.0652241363187521	-0.055751119456489716	0.08850403753034852	0.14973487297680646	0.09251399145656437	-0.26768494624977296	-0.08729053270093426	0.5023107248671798	0.02071447849752243	-0.03345534504338117
-0.2720365004460009	-0.04394242100892945	-0.03703212091576054	0.07125667145610289	-0.04535918187802481	-0.07400869154313297	-0.19264379416870478	-0.33284790664135266	-0.12744906636374398	0.2427296218146208	0.31420601070124204	0.09928060360422993	0.07235323855819978	-0.14540837364529752	0.0926514787319685	-0.11319063735557724	0.13946342772879736	0.07951138031084001	0.09559209395739217	-0.06838012855537334	0.10285015819318818	-0.15178341854475114	-0.48105957580664754	-0.47544058086407964
0.23822863206067058	-0.14799787035943596	-0.20538703010073311	-0.04061067178517372	0.1494304419007743	0.04668610875191501	0.20080681012380608	0.0074032829982164546	-0.10339247647834435	0.2998019368975474	-0.0013059420199685173	0.04200011595204367	0.09371252570975118	-0.12891852006885404	-0.026236218215091024	-0.19696227482651107	0.2620598218440274	0.4435377922558964	0.44755764499721845	0.0881029707443171	0.19718567199344525	-0.19653543483894026	0.10826486150144449	0.2875783165458973
0.2656082392445854	0.08548206601483999	0.051194412294804405	-0.077017769201975	0.07234103093323405	0.09962672373845219	0.20001121702940544	0.33437806651192736	0.117938807857761	-0.29933351138981124	-0.3833616876644939	-0.13651664093032229	-0.00911504470886328	0.06745092558844878	-0.13561034959971524	-0.05496297062730815	0.1474028366968499	0.16878743929173454	0.06370405538115116	-0.10214373612972293	0.06793437111888839	-0.12885115390852797	-0.41888531455366945	-0.43597332524668275
-0.017696218864849178	-0.03923477504429777	0.21561875180321746	-0.920576992602658	-0.16348468762668356	-0.26234255956592	0.03173693893199229	-0.04056348005163787	-0.019834779054630054	0.05943111570294033	0.027361441227288365	0.019538507631198222	0.004869912242483117	-0.014148456314782327	-0.012336549095834634	-0.0037745337840156806	0.012737602780372274	0.0031732211025080307	0.016716917551945532	-0.007153410410851758	0.005017346434418273	0.0039616259032721835	0.0007138737713525152	9.752363489895694e-05
