0	1	2	3	4	5	6	7	8	9	10	11	12	13	14	15	16	17	18	19	20	21	22	23
-0.2537294634785515	-0.0350866747028494	-0.04931517345161143	-0.0864516689996749	0.03970549034596595	0.010529616425788922	-0.10103345371816697	-0.015797281580187363	0.13206488781216613	0.14946188119111356	0.02425504409045974	0.0236831568676627	0.00636056893280694	-0.14867308730997383	-0.3347213897441743	0.43493296439439605	-0.029783455575583526	-0.2543199035324577	-0.09569720309890825	-0.4523889403743071	-0.4087599887146896	0.313474998295565	0.05600297675335658	-0.013937718769161613
-0.2511975351841459	-0.049970474690146136	-0.05601944859102755	-0.13051054492016598	0.07579719584267809	0.0018661936459483572	-0.10275859856748266	-0.028146529566080648	0.13339992244198426	0.10176124362192272	-0.05922585796018756	-0.07842060720220599	0.1704164387374348	-0.00687195143652477	0.095780445213012	-0.2129181672615367	-0.04315488489556263	-0.14407682352847642	-0.19006651564949748	0.003311825902654418	0.024965173847912036	-0.14898289479887508	-0.16868476633112736	-0.8159016288303954
-0.2543161673969299	-0.05736041183252265	-0.034066297549308	-0.08846514014039622	0.0324627498894799	0.023512776440942	-0.054030248092556715	-0.004328457953812733	0.11140062466516806	0.11250405553646484	0.010326623916826259	-0.05600106105737383	0.1114081694019697	0.011588417711089058	0.21208706477620604	0.061377063556395155	0.2035854268856273	0.4955234399767418	0.55933797096834	-0.3639840883372658	-0.027399825872445563	-0.13531967755974775	-0.2769451312896382	0.028336811550276165
-0.25108679665901057	-0.05739787627831361	-0.08603991079993939	-0.11191011701011086	0.06596703426561905	0.0016497947718198173	-0.07047617864125988	-0.024782384288954615	0.11338869112747141	0.15502475618382286	0.07098969642526524	0.06744980968498003	-0.1328759730274672	-0.23267958909134984	-0.3232654706128847	0.4550919139268491	-0.18704600922158032	0.0803199165845207	0.1015038689803779	0.44361024483072886	0.3637820309076126	-0.2982367978918359	-0.06189077154040725	0.01647468907426684
0.05360795906434361	0.11223999960656164	0.5798821814733952	-0.034903959072940846	0.25710860959786047	-0.6382088426951079	-0.07118059245806188	0.23649481871927144	0.2277240288374997	0.18690751901398756	0.010372441284930064	0.12318704587796893	-0.0817624668950389	0.05099181397708349	-0.003374317147039566	-0.032033628731747185	0.00446758733800877	0.009930828197136275	0.010660395089558076	0.0006057220291425083	-9.26870243508017e-05	-0.000223449811358644	-0.0020378206058977387	1.7875000857155043e-05
-0.0971859026283857	-0.016941808706978118	0.48482431074820775	-0.2669102153038128	0.4444760959024873	0.3720912382730611	0.08804112844342814	-0.24892831328096696	-0.4984612701439174	0.0624858977521647	0.10017862105460289	0.07489412008656833	0.0653073565558226	0.06342812319359437	0.004009896233409692	0.033551106245339024	-0.020480071978048967	-0.018796031222117943	0.002791505858426655	-0.0032885150179324694	0.00117063722350415	0.0025655839828581124	0.0015515339796332481	-0.00036080102222335006
-0.24619982282564645	-0.07131986472591452	-0.09620815051152307	-0.17376395629460203	0.10339557365053945	-0.0008753675595831812	-0.09431297227536833	-0.050927204197284935	0.14030743029217244	0.1202469536347061	-0.010868756818708775	-0.046275575615401236	0.052349372442022785	-0.07712812213883573	0.15553353257676825	-0.21158587264385972	-0.13384250920015772	0.22594521533385387	0.14759440266425453	0.33385023841327405	0.007163348454567904	0.628760245962379	0.40126408902729427	0.002640098324147096
0.25036388657907216	0.05030445442482727	0.05140327897827407	0.13271875040458403	-0.08195899604641331	-0.009192682189694401	0.11474428533864313	0.043518782430117295	-0.14743543360525063	-0.11788168104440792	0.08508521239843227	0.1023647508032923	-0.19647582103152886	0.012243882151747926	-0.03819417542867178	0.3021153988938171	0.10499603556329748	0.2122474111363087	0.23111201086658917	-0.13152982264982224	0.06605823478139404	-0.016794457791271644	0.5574867837621326	-0.5153728318578992
-0.21068622110532265	0.06817718251835898	0.2666824197628687	0.2907526130585972	-0.2540612432764167	0.08816993922784358	0.03697454063651505	0.18094916318183502	-0.012729793084145721	0.014983743192067462	-0.12791479377760262	-0.21889167504826723	0.5712083848812858	0.432990026070895	-0.14470471311720523	0.220929928756245	-0.0551406076605203	-0.005099114362730562	0.05304323074447362	0.1476877970186842	0.062421439634567776	0.054196246393500236	0.0786061831996201	0.0005248594981880313
-0.2439975265397445	-0.029290047156632863	-0.10403640387589325	-0.13070973039551986	-0.022881079294005655	-0.11624592779430702	0.10079010298592221	0.2353244894263049	-0.10374936188956174	-0.2328508453284523	0.15523163149748834	0.1533983224539545	-0.1071115525639056	0.2096049848349295	0.641344549740204	0.3661795382788689	-0.2691361197161381	-0.20396444064408936	-0.03942515960757402	0.016254871178531163	-0.021058754826282267	0.008391000291564286	-0.037469426787336814	0.03041145185821867
-0.18728985427876277	-0.1618530498900429	0.248741777520237	-0.06451272114441367	-0.20895147992968427	0.16776338807779498	0.49373299099447654	0.34771505051841467	-0.011272463198704277	0.13937682195113554	-0.3303798215952752	-0.32323948750128756	-0.34043993148537854	-0.2742411977386162	0.053942619155549695	-0.05873586136170917	0.05862477267570786	-0.022277231620665926	-0.03756469872932505	-0.006822789534094066	-0.011434648936778452	0.0038357056302858175	0.003970349231860765	-0.0012518788577916007
-0.12022417975235569	-0.28386457139582916	-0.03638816309126773	0.28072025255806377	0.018809490192474198	-0.33413784532192176	0.5955237800612684	-0.5582555404268685	0.05887374302703567	0.08735972323900779	0.11886113850955786	0.04834201942736258	0.12020464403521329	-0.011862711461125039	0.03575638808119156	0.008726399580239673	-0.04441470439468689	-0.029225723216624554	-0.005474710776390657	-0.011518315293900818	-0.006305239383341932	-0.0007568262704322471	0.0015111623601992287	-2.1307727142575574e-05
-0.19716787598011673	-0.0884110269488039	-0.24453031965216265	-0.3559240875850683	0.1688868537817979	-0.24086017827072997	0.21913269419757578	0.11635737991877604	-0.12374449542876585	-0.38825352351205344	-0.29303164461483766	0.11827657744709061	-0.054435877369407346	0.3772397084386708	-0.39691258749533437	-0.10077160051514004	0.18078344912132902	0.07994687139179361	0.016944529957190542	0.016710766446571164	-0.009124440406203265	0.001424302232541265	0.01150786092266813	-0.0007082909534425248
-0.22609921630648502	0.19170153415241253	-0.0689344301094382	0.20351627547812592	0.05850700230354676	-0.16977700744606725	-0.14984783476347785	-0.0978517736014141	-0.2602582657835283	0.021044547457704895	0.09594950494564831	-0.37596014450970716	-0.2567692925596482	0.06787632099527241	-0.010662920748596403	-0.03767566040736811	0.030248457922769863	0.05906124282426149	0.07795543407412646	0.30238705110852404	-0.5887278111932486	-0.2410435566563371	0.06350115043132175	-0.015125870378569412
-0.22626345744743434	0.1895132270671729	-0.07519048636201464	0.19587483906305256	0.06628677856023621	-0.1751820980972976	-0.1555036947875364	-0.11018823277574377	-0.24685177844486908	0.020724611505983027	0.06809580600826035	-0.388651795791418	-0.27715623135128936	0.10653529380763853	-0.026571240190876578	-0.011924627952818895	0.0560673601607115	-0.05510318228430914	-0.1089300164105356	-0.29395213768186956	0.5692618660888787	0.2420953218045488	-0.06381433781951706	0.014224216345041524
-0.23345940580452465	0.10409462298186267	0.016611938435847788	0.13367316539603108	-0.042180038644632156	-0.21257671246893864	0.004750710628931752	0.2237242303649043	-0.35946202225727314	-0.3303837721617228	0.1187371780334603	0.1462180226019659	0.3656005432502514	-0.6241994566892696	-0.051576382658663225	-0.11862153924868177	0.047257043124111706	0.043894864661577555	-0.004446818109227924	-0.024454994409433106	0.023344935038441716	0.016573104185976646	-0.0017891712945993102	0.002871233612947909
0.006936931712201565	-0.5749227733855725	0.08466156579687574	0.20000880036025684	0.11870020566357872	0.015847697088942545	-0.248538201540779	0.07812860349732821	-0.0031888438759642293	-0.18831165859022544	0.014568174767787318	-0.07550050052686201	-0.07468615056574518	-0.004337337925364769	-0.05450650117758237	-0.12646544691241537	0.02449019186523946	-0.48263104025274917	0.4852305171152265	0.026316356885052627	0.05270389369485118	-0.011066434559901242	0.038505159862541036	-0.005153651509138129
-0.23914113003016785	0.069608624323581	0.020223106005396257	0.25674407362564666	0.0022937500141067095	0.09188107170577665	-0.12100169131399438	-0.10390723760767827	0.017706204158934293	0.1067840763264103	-0.2841207610080721	0.410031209737487	-0.10314347683981348	0.00012810263915835965	0.19518555531167325	0.11816208558917646	0.6655192743773114	-0.13197725437356753	-0.09882151736665205	0.1976904948864444	0.027021516364435477	0.06604495527934987	0.005296250562062385	0.013713346847484563
0.18432965213738	-0.21986905499579823	-0.3312670923127617	0.023310818087579843	0.05631930699998151	-0.17806335674444065	-0.004613796702933676	0.2764841467826986	-0.48210160389201345	0.6410824256227869	-0.1190119346424482	0.11171207046542357	0.14079783086647052	0.06459302714103879	0.01712217560475962	0.008128915187545237	-0.03498974390742167	-0.012741575554039382	0.012499005398894215	-0.01010052505709158	0.0008434077281384844	-0.00038569032806013565	0.0015061381020176519	0.0003201752628767553
0.009363397861396103	-0.5740141915904038	0.0952532888351363	0.20797807405590163	0.12188276404325883	0.012175069743588946	-0.23529932809218307	0.07380555291461813	-0.00913534904161957	-0.16963067229833825	-0.003930341693534227	-0.0650388140428511	-0.04863443153356239	0.01876378743338178	0.03257561637387997	0.1373728449375578	0.0012628787401595663	0.4846600701056179	-0.4961694731849918	-0.021349274089880178	-0.05833702020383277	0.013550186629152628	-0.03695877361034779	0.005677890483271428
0.252639919927993	0.05316398884496126	0.04948201259645041	0.11793717545090611	-0.048339522446039423	-0.01537753250077755	0.08729710608812112	0.0038403470518896536	-0.12786631014199515	-0.11047022439592832	-0.02236992557597832	0.04217879980614647	-0.12904575665219764	-0.01042942870882618	-0.09498200574100142	0.1722641609819779	-0.047926372130405855	0.0823387085865598	0.17658634892893807	0.2544853318293807	-0.10446225076521687	0.4959567871846148	-0.6272505639864399	-0.2552222218426181
0.22760752738277232	-0.09706213482320408	-0.06720744130487115	-0.33373886570016076	0.06523123466281436	-0.10607639549272949	0.09053064194169849	0.06128323104484451	0.06027142628984029	-0.011463495900351835	0.35920542993886834	-0.42882712682446805	0.22683864419343847	-0.0679441366354383	0.08853121584162213	0.22478754921592284	0.5552514236196047	-0.11825807210298829	-0.08123598325705	0.1758733242881818	0.032740644796417154	0.05728045670069789	0.002916056226883748	0.010512404542283244
-0.22951531344789788	-0.08296719644407842	0.040888347250298294	0.04795188377944571	-0.24672468962540794	0.14791481520855299	0.10100470384474285	0.24304446845826716	0.019768463653397707	0.14793898089903	0.6818086278917155	0.26021593708442764	-0.1800705315604583	0.21660496563755607	-0.21629567614922865	-0.27405613541297824	0.1264914230917193	0.04497246585848754	-0.053294423719815076	0.015329053644502474	-0.009533240579639737	0.0521024612500645	-0.06242735066414201	-0.023603583036076452
-0.020594688046487952	-0.1823169932147898	0.22805512931862992	-0.38554111759123794	-0.6777977160430203	-0.23616023596022603	-0.2720759588002411	-0.3291306859896546	-0.23839816256426818	0.017520768527869334	-0.0787496166868441	0.04742672724703764	-0.04629508552827124	0.0034210322689535127	0.009660668164109	0.003709446286958606	0.015446930771982592	3.663282188179611e-05	-0.0008511316196996139	0.007228970231486366	0.0015401922281611247	-0.002002907121130826	-8.470833572477325e-06	0.00028394217428689115
