0	1	2	3	4	5	6	7	8	9	10	11	12	13	14	15	16	17	18	19	20	21	22	23
-0.15011549899897925	0.01949496350884998	-0.3207482595530261	0.35801435207186066	0.12459271455725238	0.40162700477026514	0.23526588987991415	-0.15389765313591133	-0.12542606249639293	-0.18308977857251305	-0.20264945731963474	0.35691304491289194	0.10731956620580439	-0.038416424887856536	0.35202770941096234	0.36442145991893254	0.009794604418711671	-0.03928273706741129	0.022631188025472315	0.020434311590415494	-0.008081669532715297	-0.007189454151587518	0.005795193765065604	-0.00479016072037259
-0.3081659332899257	-0.06189100712173695	0.14591058869304002	-0.005140762467501561	0.2277083870166487	0.040804535702887855	-0.08131775487445228	0.1947947523193678	-0.04307946954788541	-0.07156885384678845	0.24591190555967996	0.026651970718900395	0.13916113819849274	-0.12136925106152525	0.06982316808307021	-0.10096073590276991	0.05966136034114042	-0.29595045815981413	0.4938035228445991	0.11527923985632557	0.03077146831197028	-0.001004159225125026	-0.08119264586900442	0.5555808968149508
-0.2320192638224703	-0.13390682557105457	0.2527965555111776	0.010855819235849197	0.32729248323032856	0.17395462300233847	-0.15287613421151833	-0.021281453724526125	0.2992174186859281	0.12718626223057394	0.12839345680102038	-0.04253090046614602	0.14952536023481144	-0.09541288919151128	0.17384556394934786	0.018264524078235336	0.35465934016887934	0.5373752180489805	-0.22640672800310432	0.08649468127608877	-0.14575511342147077	-0.1465056748201397	0.023192916722824284	-0.021116458219427182
-0.11769951747301141	-0.17719625825044172	-0.26717052614470843	0.3985545561737212	0.1377023657172687	0.26067984664055405	0.24305034197456749	-0.10348236285360815	0.15906874687413144	0.25030276307417704	0.09984197434505714	-0.06283382846052546	-0.093765442342784	0.06351072477164565	-0.6042696722759067	-0.28771363815353496	0.03611726918258462	-0.008343972592254955	0.04858879953992497	-0.03184464339769322	-0.0036115632260528235	0.017717662685726398	-0.010980230749967042	0.003247001459002579
-0.23910314628780757	0.17730989431269165	0.026871300619589415	0.31837919505068263	-0.19292057562554046	-0.028799527829296522	-0.317034061109582	0.047256686243026196	0.06344781780773497	-0.046832150907489996	0.04056252392566043	-0.10653033211271236	0.00033618918378800535	0.0011196074021605775	0.046367442509473056	0.04377390672402105	0.05694834197827275	0.019685938071446436	0.0814727008060396	-0.7889463242247893	-0.0537843547872489	0.04628470862452427	0.08655020914466452	0.000930792193311829
-0.2753576855953532	0.029022160723311555	-0.12442974423101909	-0.018480736656083872	0.15173296581747636	-0.3737156509779713	-0.13053952038042108	-0.3946107472577859	-0.4061153452619656	0.6212905922484627	-0.01896178029552613	0.08773767586693558	0.05072764367141119	-0.00989143368145917	0.07906629617286473	0.05176441066968033	-0.013271832097877329	-0.031195202342847523	-0.01125067112535484	0.006025934397450739	-0.00537014580127879	-0.01098734572889472	0.0036654314981315107	-0.0007834727032388214
-0.20103152578513464	-0.2968545094164736	-0.030320158096574807	0.09867474333585738	0.11860322933853111	0.08722379563983522	-0.1005441941452177	0.18150029760919367	0.009791765088873809	0.021622325017034476	0.20488825729481086	-0.13852563403338478	-0.0494226266315153	-0.0020129583333939804	0.2621410794548374	-0.13753610665337496	-0.505240825172455	-0.26512873600585485	-0.5541914250564925	-0.010675170200392416	0.06364993538962739	0.08552624261940651	0.003373809019152203	0.009365059289081741
0.32460289761619615	0.022029681360390668	0.11365487286083949	0.06542200685946734	-0.011403399160963786	0.039923200048996084	-0.0585668946426022	-0.3209017209201267	0.2545313862767354	0.1275685416236229	-0.1331229070815627	0.03380448082701345	-0.10284483502495731	0.022071798234352454	0.008313031840796589	0.1116795653273992	-0.11001808728735318	-0.019473138351322885	-0.14324293236450947	-0.012922215322505396	-0.009245828174280818	0.08018328054251478	0.48855696964606443	0.6057365438533406
0.017596559945697584	0.34663567241038773	0.17454939664846142	-0.12012918758234209	0.1803906830985529	0.11131160162941904	0.008734785457961218	-0.04970200271343048	-0.018223226441765203	-0.04089242124673101	-0.19513932003318676	0.35096265010588584	0.44311590909930754	-0.008849972910198288	-0.12926084202663707	-0.41593231948353104	0.06733733439734933	-0.13522300658849756	-0.28866847863461587	-0.16206196379924903	0.30576206295386343	0.08972964983901946	-0.060088821743356495	0.013990503636813575
0.23090396702322535	-0.02608714566456334	0.33379238599027644	0.10663576104063749	0.2148547229972971	0.10065596775233707	-0.18302503582793095	-0.3294846130590757	0.3759279440260091	0.1385312710175212	0.024719159329999754	0.0715071654701802	-0.0536766488454307	-0.07233823508137621	0.0882974409121428	0.09607879065805315	-0.17587194163897263	-0.352335365748951	0.260500881071851	-0.021815065283046373	-0.045309287476090185	-0.0008003022186378106	-0.2736432060990924	-0.36488529113576934
-0.24837262266412444	-0.05311307443617503	0.3221638969528135	0.04581320085334113	-0.0923845991217376	-0.03700120262926067	0.33679239358837787	-0.14427971347413684	0.04365505703621627	-0.023134551052697117	-0.19744633174794135	-0.40144355965356193	0.38749166833653187	0.5401363381216681	0.00852821713098762	0.14851316824858005	-0.1144746162926547	-0.03910568094404122	0.05701434283413143	0.027197517852480608	0.014486926976554335	-0.0015191470936136433	0.0023122509800580604	0.0011821326490184737
-0.26419304810575966	0.03011237313123122	0.2777031781605297	-0.05575278678329744	-0.1820427806561244	0.14160418340930064	0.27809975793843006	-0.09890976652739446	-0.06989417569032665	0.05039579498674808	-0.3915695546334252	-0.24783561039509713	-0.2052272837350117	-0.6520036381900626	0.012792996499363836	-0.12076265681007882	-0.058919556399139095	-0.021246381836951062	-0.008159807780405863	-0.010804617274277497	-0.02196300462914869	0.003931571970093815	-0.0011802004946422082	0.00021218104120135993
-0.0968352994988485	0.05363804249378652	0.466055575327937	0.18794581640992947	-0.08873216323569695	-0.1101595154768757	0.3189101177399368	-0.1493891857186276	-0.18973423603288717	-0.1376031897990593	0.3619164345950971	0.34807775712587713	-0.44924784012498564	0.1961041623767493	0.06484495762202895	-0.10877843180783743	0.11544213974080877	0.03502334934241437	-0.11055088238421303	-0.018837446089937183	0.019953790047432654	0.015968155549556853	-0.0029476664019210215	0.00015918213710670688
0.02171581979056139	0.34329249792910804	-0.029396585492107843	-0.07163725963686803	0.3300736940093273	0.18874762309799334	-0.052132465016096134	0.043293647359718794	-0.14558251507382794	-0.0037589624490358743	-0.024734545784101884	-0.4015946414748565	-0.3052480595877191	0.1411417456561837	-0.027638013666957346	0.18436875954349188	0.43415144564509744	-0.38920842827275054	-0.23422586443018195	0.024956299128445783	-0.008906490279417704	-0.0037689274849997886	0.003533442045326001	-0.0018431055295780314
-0.04247812683603533	0.34566064754036085	-0.07750834760889228	-0.11059562489158205	0.26708074700318063	0.20014421664223095	-0.016227459600495493	0.06970487838729159	-0.0028674184562320075	0.08944251877017668	-0.1662310065180019	-0.07669437037028971	-0.3344421892378164	0.2818569790831229	0.24072540591722894	-0.31211182734401516	-0.37361117628548	0.3583225537743568	0.2893929914716739	-0.015582875790533723	0.05879456694583228	0.0162116802528952	0.008061364935513541	0.005191227671579426
0.10753860640184186	0.3187405690883681	0.16161574919834007	0.09748038122455834	0.2628491426971024	0.025123114618395233	0.03527174984434822	0.00021699783064819882	-0.2704779385079762	-0.12554480914521135	0.3099823811800893	-0.11894349980690706	0.1743823829469452	-0.24363482445802223	-0.3572133226154426	0.37259369173944645	-0.40631012301106056	0.2396227574195985	-0.03779985947803387	-0.0035552950188051094	-0.025692378542873904	-0.01324285527650698	0.009824623245113505	0.00462418218402698
0.13702849742706769	-0.31889029213513087	-0.02690189277435917	-0.21620385616047683	0.16969549345296403	0.016916195668796284	0.23049958850033284	-0.015519526908574357	0.0026638497292486955	0.08968647050571844	0.09745839303709909	-0.09631946975031028	-0.08823130415541452	-0.06359911104082838	0.07250331184723607	0.2187338889134817	0.08893331247308564	0.1324487613065553	0.08429500325828505	-0.3409694474991273	0.7028225087025087	0.0872400058181219	-0.08011005456666942	0.032372652583009885
-0.03963361712779729	-0.3239179794747141	0.2124115238619282	0.06276698330391554	0.15597609004948537	0.12247443064356453	-0.31317168590553174	0.03342503544026084	-0.3300270840084946	-0.1700658237726965	-0.18395261666542936	0.044208347389147945	-0.02565395454032875	0.05352335201868254	-0.14696770165193335	-0.06673295592972443	0.01974467453273727	-0.04349397232158336	0.17580616719689093	0.08198922687680536	0.15389832470042863	-0.04471422188752249	0.5843672105320911	-0.3092509034217488
-0.2255040516764518	-0.03633620634824582	-0.25688559760330204	-0.13580151610488383	0.23497317559416103	-0.3174388275336464	-0.051613419172104824	-0.5233908053596539	0.16481212308405532	-0.5947422397697206	0.018284215018034386	-0.12410625282555078	-0.07856929840110946	-0.062444492773929994	-0.05558592745243569	-0.13557881255161347	-0.02583967173563108	0.027596521664767323	-0.0233170528207362	-0.008333427551022114	0.014151127240534004	0.019802979894841095	-0.003980444827431136	0.0010549288726554758
0.15321214061296567	-0.22738252814087603	-0.007572335133727029	-0.37638039259046185	0.2946706411969895	0.04055344051215781	0.343716555726639	0.03849346444485234	-0.12147861151136764	0.013579524497891281	0.02435856936778835	0.0921310382086385	0.07012759531598248	0.01104275489977689	0.02728444743189464	-0.07375026632220569	-0.02517156302660292	-0.09710891397798718	0.03728075175955419	-0.43166208243519194	-0.567522979839498	-0.02756148184652718	0.13604490168239802	-0.024965385838645607
-0.3158919412683594	0.020898063650572382	0.019197134477230024	-0.2619779749088429	-0.005383910065332755	-0.0067044905543257385	-0.04628260937928578	0.12414652692165129	0.21427001672787083	0.02604029304579742	-0.16247665175987727	0.2925314304458517	-0.19974097976343422	0.1065755499055028	-0.281295461903362	0.2807214705189428	-0.17080120063913865	-0.10126917458035845	-0.09052891481776858	-0.07798937268908222	0.08063208846348843	-0.6172173761488087	-0.018732049474114058	0.062294672023598466
-0.1413510626439955	0.314680584634986	-0.14191857717495052	-0.07030815698119415	-0.04118771767785109	-0.10909338479132641	0.2931917503580841	0.08124685566403277	0.32162428446313596	0.13095701580672997	0.3423261019415523	-0.016408615010504758	0.12058301496352081	-0.14106636984017337	0.16518264834479265	-0.01882377870376261	0.01048027909973359	-0.16264007241409492	0.11008988614283512	0.08390314591446345	0.1247245022977453	-0.05632742222489484	0.5479113273645343	-0.2914905424885606
0.32070998921328725	-0.00738716845235249	-0.040883113767437876	0.23373567917972418	-0.029432782615138393	-0.005287843924919627	0.0553394252404268	-0.1344333484332007	-0.18812092855581447	-0.04365955135949739	0.09190724336724182	-0.22589802965110178	0.12475446351168892	-0.05915622314751896	0.2131202394999625	-0.2847755341514891	0.022725415800849327	-0.02687851203533643	0.005353440215938019	-0.06088903472011881	0.0885626682180886	-0.7472999067798993	-0.028892693563050055	0.06553177608517748
0.102043535183345	-0.007108626605781711	0.05864727399332313	0.40610002313229143	0.395883277321724	-0.5718890514879489	0.17621853799126636	0.38182972385845515	0.13909712839967767	-0.018456757534031608	-0.3573304497095672	0.037914740143988476	-0.0638577854234173	-0.07093300616621673	0.029418950258634308	0.02444248677141119	0.023172025085308866	0.0030705763627152413	-0.023563845131987848	0.001030239192476073	0.003738510101575286	0.005999672428829351	0.0034805303946065912	0.002013067955689654
