0	1	2	3	4	5	6	7	8	9	10	11	12	13	14	15	16	17	18	19	20	21	22	23
-0.27686197149559066	0.026984599816796552	-0.09928217844824612	-0.1509826962692997	-0.022071542777791435	-0.20587078626972222	0.02828021796016923	-0.07713990782425609	-0.12084138141239692	0.1869360367995744	0.4825841730600114	0.1598887767605398	-0.06253448848682135	-0.11797771606652817	0.3194102999115974	-0.1536288964002277	-0.4841077955330172	-0.3580267196541315	0.11851256072653742	0.06048891786906293	-0.012355867798796803	0.08957712066589604	0.021627092036568634	-0.0007015817804336408
-0.2910018738612893	-0.06654326705411988	0.0006842755396398886	-0.09973544318493807	-0.04289638927567742	-0.04815547439784891	-0.08338047750128777	-0.1157573666601781	-0.04935265986037313	-0.03610744899736393	-0.16537222748942942	-0.11365400126007	-0.09861189716550624	0.1434566361065694	-0.017877862638119902	0.09682423047238684	-0.05034321947185645	0.010468743019504212	-0.017126614269084142	-0.22437751577561887	-0.18055756768268752	-0.006687179168395264	0.5461492156512194	-0.6389213639003137
-0.2901902361057189	-0.08816732373816243	0.05112003753633358	-0.07592693718146704	-0.07693340673962297	-0.029142461912737797	0.01086349658682876	-0.0010443032850836955	0.038596869739960474	-0.016814106314162146	-0.0014633543515304658	-0.10320401555746408	0.0010632123290786923	0.14633678404101916	-0.04882481928721565	-0.02460588966083054	0.0907590959936885	0.1560051305066814	0.24879424353217575	0.5535640161412206	0.46114431234827263	-0.054142274259680406	0.4281105271436508	0.23695931570217735
-0.28111113639623375	0.06559354301573571	-0.07599414965834143	-0.1183959834897564	0.04173372695657773	-0.14811801212176287	-0.03002424537684388	-0.04095201074956861	-0.07384722269320472	0.20075841204948636	0.5125074175475901	0.09041020474137194	-0.05237577040058848	-0.1417355182164617	-0.012969677903023736	0.13299135160495917	0.5698067916304551	0.3519492880003461	-0.1919891422934457	-0.1405843699639263	-0.028891142609884582	-0.07942905430461876	-0.03197981221782379	-0.0012510996869587799
-0.12806788407287417	-0.31507709025948555	-0.3600192442835472	0.05127555043123599	0.013777642314486336	-0.04220987435637203	-0.03545471060007074	0.03482807294531829	0.0007907628245127922	0.15187775478629115	-0.11169025693905703	0.008136948782906281	0.03871148915395404	0.13597826560136939	-0.21695136272390114	-0.5484046666539255	0.3424423993104183	-0.43344026006677977	-0.05923856105852124	-0.13928949227904236	0.11624044982407199	-0.04149475010933447	-0.02959943108532858	0.008368270827841695
-0.09817859694548223	-0.23260722272072587	-0.3517118296855543	-0.04059045149492686	0.42010601833445704	0.03164860251248917	0.029928637336828965	-0.08360030000248478	0.27102678379472234	-0.6946430530834615	0.14213628485365726	0.019281722694261046	-0.02957084568569149	-0.2016226863353662	0.04365434545901232	0.062171500403748844	-0.02253884745591274	0.018242871155116875	0.027102620687818872	0.0073559736199934195	0.0019691278522683347	-0.006108000813505705	-0.0011623405458997351	-0.0015733645408244543
-0.2943632190016308	-0.012970907290182623	-0.0159568014948265	-0.10171615786347933	-0.0030061295870646436	-0.0217584892653735	-0.12327912512723467	-0.08784643351430958	-0.04792718138561853	-0.005569452544887082	-0.10669495215015273	-0.0427450242169309	-0.11932290756233688	0.14864573706931453	-0.1707434487982876	0.14730712837567642	0.06274411504121223	0.02999038882893627	0.2926819850266269	0.16161176601190255	0.09124023163817026	0.4995618667472734	-0.5677636750720796	-0.2821330415541897
0.2898092288292152	0.02976208030090953	0.04340005508289843	0.11449943727426341	0.054076167757353945	0.054418655676507145	0.11132753424738953	0.17596999645086875	0.04086429050224513	0.010956097036813764	0.21656865234072548	0.14326468312050106	0.06267907420451627	-0.07509028041913596	0.012615945513429892	-0.20106703827653463	-0.018615651051648474	0.08097922399128994	-0.11697236711997823	0.28186581981834224	0.38780983034185024	-0.18675702789336093	-0.12395009991938438	-0.6563854973258513
-0.10197586283692962	-0.3286885475450541	0.2044653535194791	-0.032018349789316794	-0.32471697890835366	-0.02417756030483482	0.36521569756068506	0.10722993145768882	0.25187230648933695	-0.07765849940477652	0.06344064568218259	-0.34145774462590694	0.32327099533325715	0.04636411049671751	0.4566278219463536	-0.05360615574121713	0.17108178293415705	0.007140279778330422	0.05067524644519916	-0.03751303884394121	-0.1301901405057629	0.06114138724536578	-0.1416557767581284	-0.07518536445438169
-0.0670243574412424	-0.3064334656994597	0.3627885830408215	0.1176947679744214	0.11017458093990587	0.10508958855692985	0.09273178205688598	0.4321909418021846	-0.09867937313425942	-0.15688638888366394	0.3028956544282762	0.16490039191698502	-0.3102961755429247	0.46573826234413995	-0.17093150918754105	0.07042288475378813	-0.06892011615226937	-0.06296534608057903	-0.057704709062321814	-0.1200348566278412	-0.05533723464930919	0.01726651165990543	0.005903761832050724	0.08401488776693081
-0.25615445222169697	0.024798656237346946	0.1019132393887012	0.29174365611510433	-0.09817681122510312	-0.15155721950879938	0.17100141029870208	0.10125512115172063	0.23049300299121478	0.06181448422244429	0.13139568280792904	-0.22320539356961452	0.22941129616294811	-0.3411788986630457	-0.6239490301968155	0.11949563641674174	-0.23431987316990718	-0.08546990889425184	-0.06608756536837566	-0.05293843983555351	0.005763100856766169	-0.00565527368680419	0.003691935858919963	-0.007028873729910662
-0.08318428078159934	0.17552994370206906	0.0365571367602111	0.5179293387442869	0.1319577690264931	-0.5048619865873485	0.20172914396873157	-0.17572614861587524	0.34461010526098734	0.0544359665503582	-0.1675061295214816	0.25926276383216423	-0.19904504980378696	0.21730816248195567	0.19156613045091736	-0.013611802799705664	0.07226719721238262	0.039785969891771474	0.032501930082893274	0.002428850471662743	-0.011302675466697233	-0.0018638930480400133	-0.009422084900230063	0.0015240305933650188
-0.11081052479437996	-0.17040138013032707	0.1777706193671935	0.4305476752894768	0.32682565388886764	-0.18912434220841123	-0.23097782599810404	0.09860062144362718	-0.5830803971494183	-0.06308363903140049	-0.09494629504695087	-0.19539541353253373	0.21800386862546448	-0.21576363472973256	0.20752039406667994	-0.029225254873517646	0.05097656545749866	0.024618150070851257	0.037281310058446676	0.03659129230347725	0.018656118612910676	0.02260747580800489	-0.007043808466974975	-0.007594061321515367
0.17030145297368413	-0.2862371457163342	0.17699835562106492	-0.19786583175778813	-0.06306508816837327	-0.3075730566202805	0.0669149829261232	-0.31077342392288054	-0.13215218853904195	-0.09432123703983554	0.02450794734205506	0.22245065965685892	0.18595485033074072	0.036439890943151546	-0.2317597496559796	-0.31038826902619315	-0.1782505254844297	0.4148908794052003	0.2730346400090068	-0.267007088400636	0.05154461535628541	-0.044857517754713756	-0.03461601319033797	0.03046985929372429
0.24146253333769635	-0.18645241156993062	0.08291776183898512	-0.14842230865328787	-0.04092566693455536	-0.29808801185624206	0.08105771632611074	-0.28494715321800385	-0.15848141394980322	-0.09256696323936536	0.04301074767125851	0.18731525023180773	0.26036383665418283	0.12270169768764591	-0.1298253518601879	0.4330217187241033	0.17736254929950468	-0.42043957415664496	-0.22860163474290926	0.275614958186997	-0.046439641212235816	0.01742628584468989	0.0442200476625622	-0.0321847147768664
0.13063534451633285	-0.3560812076040388	0.22300365492018348	-0.05342579244779151	-0.08804340021910995	-0.06392458171841683	0.1180582263807243	-0.14634445697028428	-0.003483004967298075	0.09150919156608665	-0.12285181123021285	-0.11178664066020766	-0.669273548424509	-0.4946613833873024	-0.005081396617681303	-0.03452017938771364	0.08143215399866548	-0.06529582011800067	-0.047905721494244394	0.11503992082684711	-0.008400930971079391	0.0062435506459161275	-0.0019819944466571535	-0.004064002123132192
0.08049447880586595	-0.34213473197395905	-0.3598894820706008	0.10033631846942868	-0.06257889190929065	0.0017749318525383875	0.09822255179203943	0.07615553101818716	-0.02894648974771142	0.24450442234152384	-0.09135965510465346	0.04111567282178354	0.00836914327283435	0.015294198032033055	0.13964415577574457	0.3721567068306792	-0.208764442745306	0.16641253859225683	-0.20156700453045678	-0.2945633677630823	0.4772945385576826	0.23724978242826994	0.0523178031244868	0.0551392760879064
0.2664204743940352	0.15492045986426153	-0.08480809486536989	0.10165512850454267	-0.03521581587870681	0.03827103551879127	0.24408180974123742	0.16768660867979043	-0.1065063068975016	-0.025607335085753875	0.12820681789433278	0.08192573174251697	-0.015308241557869553	-0.16756940800092796	-0.03482376025197908	0.1612725366263351	0.2834866871560808	-0.21087165980898315	0.671139744340566	-0.22596860248639392	0.06164475456062131	0.150657024253842	0.22476683631637928	-0.05541536546569602
-0.09281568913748643	0.034623175811612304	0.14420879620547067	-0.2398031251640928	0.655033131666307	0.19858181569291866	0.5312212388919908	-0.12818618414171107	-0.032003049362576315	0.32627895753015396	-0.13382956819345643	-0.07903467353333998	0.0998005292901835	0.03801015056046505	-0.02963221511981486	-0.00509214829590267	-0.017981542929729658	-0.01700055624015589	-0.0030886576043138575	-0.011614738880562914	0.0069744922238381924	0.00039812577049669253	0.00019583324077886697	0.0006208924691987807
0.06551145935812433	-0.32263188181931135	-0.3979396176110011	0.13026339386530078	0.007525686972892542	0.029054021128428906	0.06305937320699755	0.1571737462177919	-0.03162360055411893	0.2863393018889372	-0.01093815716420245	0.10915317297991622	0.026925627007558406	0.03421994473506971	-0.07723248218309571	0.10591483714588211	-0.09492146468773412	0.23689295131669638	0.21984343496410674	0.3751457143068449	-0.5340389118782035	-0.1728525109839274	-0.018833226278243964	-0.05462999034318072
-0.2925115822052126	-0.048763309171760645	0.04217931225016395	-0.08912917697631219	-0.08738051769689419	0.029494214000092667	-0.012272718499969576	0.03686605031876752	-0.0490986371456904	-0.018043464307260088	-0.21692375439973666	0.16018210089522264	-0.02105960032602936	-0.04817525052793897	0.07024520010271154	0.28474512181864303	-0.026705947491418594	-0.1471592447695304	0.22043107683364505	-0.16371739530907398	0.18230840706865925	-0.7155971758770353	-0.29056468254033296	-0.02421195555295536
0.08633729743403704	-0.26352330542473706	0.2928295700633027	0.04218985493300627	0.23164189413468245	0.1646484477959213	-0.5349165303525194	-0.09863044489121738	0.4804114284456648	0.3038253521442137	0.10647100444703655	0.1293642599074449	0.17104868364596926	-0.07431343220780665	0.06991298009275795	0.09465007179485783	0.046699528672664	-0.0985373963773859	0.18660638723812864	-0.061855076471846356	0.02031320940935303	0.043157606097566095	0.07585089577243921	-0.023909548530607387
0.27322193005685974	0.016758416631340055	-0.13370941364252045	0.07611447165576098	0.10855272675527067	-0.13080300643737125	-0.09796466248765122	-0.2637258488726683	0.003494551141885901	0.0773695027797272	0.3005156585931018	-0.6607331487008433	-0.17695815839153833	0.32576735903703224	-0.04481770208509826	0.08696787770897414	-0.0720103884248726	-0.034876998473656995	0.13640810801987793	-0.07020478107066931	0.07485562869885111	-0.25830971072326514	-0.10557052716312257	-0.007667703615209706
-0.12900199344181068	-0.06319994512179399	0.018664596585074564	0.4378364705320246	-0.1954276077099301	0.5715427889311527	0.14124576398917504	-0.5727666155792478	-0.15341402008418045	-0.05160214936799683	0.16422101638676515	0.13530766171917155	0.014786595580307784	0.04370571859466561	-0.006170421421809954	-0.021063409710877737	0.012725671470357688	-0.0038449833041567343	-0.00912746409378245	0.00813310645391682	-0.0026638500843538093	-0.0049730576646532885	-0.0024678969488817707	0.00011526224381153903
