0	1	2	3	4	5	6	7	8	9	10	11	12	13	14	15	16	17	18	19	20	21	22	23
-0.17946389247292482	0.17952842871359165	0.10931202878840438	-0.14020631913807502	-0.5542421852575559	0.06461310664680059	0.03535211996710187	-0.30113028045584245	0.2588312052526656	-0.3774922403743031	-0.07134871682166763	-0.09406423805068569	-0.28846499358792044	0.3518710288232365	0.1650738421818431	-0.10450883207483971	-0.17099793457999987	-0.01580237426359837	0.019633522264264992	-0.004572915211722807	-0.04528048268457493	0.00886510413011905	0.0010708857477732792	-0.003309007323931877
-0.2760712936877	0.10211595692369617	-0.1452722144113567	0.27131349406351374	-0.21299051934466956	-0.09535829018333598	-0.1385539565913392	0.12618185063880538	-0.20414365499877174	0.07992530240351185	0.1646852021545343	0.0776125116845947	0.05351571676253055	0.06494630414688855	0.12465708422240289	-0.07850950723618451	0.08503631694275461	0.3205456851500519	0.0497683403981093	-0.24233023569979897	0.03834780424266201	0.03088934965961664	-0.197973398108689	-0.6373949455498306
0.035064865978335975	0.3418743810993357	-0.03020534905595992	0.022551553388724898	-0.12065293796658032	0.15450726566464906	-0.015869126757757274	0.06485626314173919	-0.2712154278936385	-0.1421392690431551	0.4446426036079622	-0.178244314282637	0.052976975661264664	-0.21483116052081974	-0.009952394992625645	0.21733697154926143	-0.20610743625876723	-0.40390671018289226	0.4051988966556663	0.12003540099206313	0.15933216470683934	-0.045933005615050496	-0.07930668303445623	-0.007007144407378823
-0.05388379763332599	0.33005256550439543	0.042620194902118075	-0.19219161929811263	-0.2108297725893297	0.010269020693726419	-0.08110361914285305	-0.1534820349112329	0.08170640588101127	-0.20536980186760462	-0.12046126248810636	-0.0654467397582316	0.445146291751589	-0.2835711353583364	-0.3647143100100001	-0.0664283532982834	0.5219980923482358	0.038832254660661834	-0.08696457137291518	-0.08208252464351562	0.04713104026956635	-0.004199626749892294	0.022959895447178084	0.004261064801422481
-0.06832584109288367	-0.006594873959319068	0.4989305437884847	0.15670296074437837	-0.04476084307657209	-0.41685790175556364	0.2928134164982834	0.24763137140709052	0.4538906996259845	-0.02396585036673672	0.383053585981927	0.1207788745160589	0.141165019819731	-0.0366225505854492	-0.061621495201421274	0.06180986061732505	-0.02223522381398323	0.01290458059625798	0.01792370260632639	0.0165552971954116	-0.02749089346792456	-0.001105895399151129	-0.01247541644963599	-0.001228698931458494
-0.1427866100514679	0.05768692975845459	0.42779830518269557	0.22408693052581766	0.15612059270993967	-0.3677292376725223	0.14048988396551879	-0.15251117662346764	-0.4989741929569352	-0.16530773834426768	-0.3093923021237202	-0.36277743294686454	-0.1651539000710106	-0.07881162933280444	-0.023294104851724975	-0.04826775992981848	0.013848926989550573	-0.01113636937167653	-0.01073881097659079	-0.00124365177330679	0.001857125093023974	-0.0017763868981448916	0.005529534368279443	-0.0002635731960632524
-0.2280710564177896	0.24256603089685222	-0.15332463727099083	0.11278615435370448	-0.037521279479652885	-0.07222611683044547	-0.08225812067851376	-0.03191012363159087	-0.02662671235165913	0.06525382253176658	0.06899985734790232	-0.04336149195428186	0.10849775157764584	-0.12390929399042283	0.04871650293125572	0.25537851715671767	-0.2478986509651877	-0.17725011408019756	-0.6596235487010073	0.14528892534695723	-0.4092739199837366	0.1243659685692825	0.0037764813217506755	0.010597087623063937
0.31474487320352285	-0.007720893770056131	0.09586614749528519	-0.17664886366669091	0.1619670548059169	0.09115392038941948	0.12881689999496598	-0.131141114518602	0.0637717515727098	-0.14600864995840046	-0.0018438833912343764	-0.12935008372441312	0.11122557308349323	0.004685252282687187	-0.010643527776701224	0.16207970162720564	-0.1785920809135203	0.08716167107785273	-0.09111257577812934	0.1095152135186112	0.024721803354910515	-0.07571374265827115	0.516704839195968	-0.6149271195712384
0.16316924750863004	-0.2747435622119463	0.12817645877084438	0.011587296644691056	-0.14360384065209073	0.25763410275860527	0.06897095240560168	0.15171409467815913	-0.2690595808537022	-0.2460136689122783	0.43546729544328433	0.011872922619191678	-0.32698477345377974	-0.056443242523731285	-0.014978660749140406	-0.16435971633893484	0.40107064395650466	-0.04045056943836467	-0.3312373919235681	0.011695593257282732	-0.16057040916547372	0.01957404200679865	0.0893412107631059	0.0053025903712114126
0.31423286891983315	0.09865155126452313	0.019667253754781497	-0.0258510251437076	0.08813231594336886	0.07259751411810739	0.10082276561413014	-0.11163532732150776	-0.13191119939243695	-0.20668151964996065	0.21202226698778215	-0.15835446672880496	0.25570290332389767	0.1242598987625058	0.1519188153156752	0.19964239087281263	-0.17144070926065644	0.5317787129373079	-0.08945705273757279	-0.3435795078101904	-0.04927491624251355	0.03843318182825343	-0.2143625510569161	0.30464803933602497
0.21538398956062127	0.2259195890837845	0.13029839029136006	-0.20988241763786827	-0.19122839117802157	0.016030357088428208	0.007428651169796062	0.32146893051958103	-0.10326980535962527	0.07341820468497477	-0.14078113283731797	0.1468646983838406	-0.08626465029102379	-0.37722158242620923	-0.0767829704613268	-0.5015788283769154	-0.4414527759501282	0.16697989423955534	-0.11100094691984017	-0.018262689490705766	0.007248035939822245	-0.012518448639513284	-0.03171654880701161	0.005308358209935105
0.21928267156428916	0.21274990465046512	0.0868317022093156	-0.2049627173085048	-0.2580593007836858	-0.10301094693145699	0.13721799913887958	0.292308945258339	-0.10147682699971082	0.15752784125316252	-0.2893219240435952	0.17313800776414717	-0.1798251531972161	-0.05165297162174599	0.3750611057941415	0.5141035762608881	0.2925045662895886	0.005195602820242176	0.003437143555061022	-0.010801512538967042	0.022597130770771825	0.02327807175800192	0.008122781814972448	-0.004017779375195987
0.2973851047883066	0.12100047355900845	0.0219612845816083	0.0975332863879753	-0.13747892384237778	-0.12663565227536533	-0.03898022525601837	0.19014318138549888	-0.2793820132085692	0.0026161377363192366	-0.07595051933813425	0.20567528542097402	0.21488440310548315	0.6511218292534436	-0.39789776637225405	-0.03931606612828016	-0.040320484625961855	-0.18417126647833318	-0.009195990212760258	0.07132276576554923	-0.1299616798635068	0.0028033209677840393	0.023453822879442945	0.003930548271495388
-0.024282361165161682	-0.34495981426370115	0.00794367358838466	0.10927436365812772	-0.23434142720051945	0.003344117150518623	-0.021907966834493437	-0.05834134540025734	-0.050994879101300745	-0.10788292664561924	-0.13890372362535963	0.20208157161218832	0.024938386946334185	-0.23860652175562172	-0.18639953110474636	0.23157418494703952	-0.20251929062411927	-0.2078605371105967	0.12339585912783993	-0.6211614570412705	-0.23441213368852637	-0.12585231107641745	0.1818241375426473	0.012865579710272333
-0.058473284801578755	-0.33873227375138687	0.022042105224950443	0.07671087519811133	-0.26114495463508164	0.06312746291641613	-0.0420097925582474	-0.017366289369703775	-0.06688679621835632	-0.13865558737074143	-0.09619736055996159	0.10283640572498437	-0.048781134913692695	-0.134608802048099	-0.3788023475272749	0.36857085306883713	-0.1647691777782699	0.3233317960705421	-0.058269195643640116	0.4429712338405101	0.27034675401035196	0.08708601093766762	-0.21400928682802692	-0.008773735167227696
0.15955772709194332	-0.2932814288828017	0.021341516566810517	0.1596153365130849	-0.1829528099010232	-0.0709064445228879	0.009134116975714486	-0.1407552573737834	-0.11613766490644667	-0.199273599342211	-0.1048121722860528	0.20018681782656705	0.5078370417209723	-0.10776049533993429	0.5296511667979142	-0.21495624157328724	-0.007319259291273097	-0.18491705531106564	0.006121122769549515	0.24675755120603668	0.02605317164191817	0.06484456425732323	-0.06017945305961286	-0.003805848748268234
0.22117916048746	0.02108831133195245	-0.40379768225957385	0.2202733083091253	-0.05303015812385686	-0.20301673066635723	0.10223660798310717	0.14540653642079288	0.1565484653367717	-0.22303989242135402	-0.09481578406849525	-0.21393344186646052	-0.1141568037819833	-0.15793989273027859	-0.058878819953421355	-0.047211629480025684	0.09321352376966242	0.18399192504287212	0.32748115516950027	0.23054254319187426	-0.536022330869077	-0.019472384872802267	0.009588612376613403	-0.005288469036622985
0.27547826237998596	-0.022090588940817397	0.11053159504728668	0.25094851665494117	-0.3155271164429424	-0.032740309323079274	-0.2175821083279721	-0.21763943687506887	0.058493285656190164	0.4615764840674483	0.1002644904512363	-0.26474427446185966	-0.033470844141403736	-0.0565682601126831	-0.02870009839381114	-0.0357603053242269	0.025184236110402422	0.05152133901632214	0.06797861314427595	-0.03648271565483321	0.052309740154757235	0.5061050782789351	0.27242516111663356	0.0878560029470469
0.11718648967139424	0.1313593459313081	0.3006359196443848	0.27653906828689045	0.21336377757933767	0.16221048711420483	-0.7031113757869987	0.21699279915961256	0.2035616760472821	-0.315841602497755	-0.13441443099878236	0.06294514263108551	-0.08070193091068126	-0.010829499913384366	0.10111061563300419	0.09004294585809398	0.011207718274029539	0.009502420375719408	0.009409679597708156	-0.006278679302452746	-0.01804808896205897	0.002663979977005361	-0.00038465254869904516	-0.0027906053184459456
0.22572855333723438	0.006115408008014217	-0.3812569992998977	0.2484670918078002	-0.0340005150295177	-0.23654785505553746	0.10165307548344348	0.17822235666425063	0.18032169798589184	-0.2323688885838549	-0.07381415506822554	-0.1987614599541508	-0.10677830154180504	-0.006335699182053976	-0.021845628872780742	-0.0352733664386886	-0.013387542304216717	-0.21068680371132925	-0.32055305706036213	-0.21624128060211315	0.5510589058683598	0.011077304530513098	-0.01399101604808661	0.0035797043394725126
-0.0268511276597497	-0.30527091418158536	0.11494145984061854	-0.33451915418109757	-0.02419610390353623	0.10796078464967987	-0.031478513325464426	0.34660797468353544	0.0947734409797835	0.004951024680382957	-0.13438290000860667	-0.5057088428232444	0.172132603787521	0.08477266536465983	-0.015000943355536173	0.017410184937068002	-0.04086940154072761	-0.2013975527033156	0.007150156455484869	-0.10135142708507237	-0.1386074450507182	0.294455148122043	-0.36135853436214793	-0.19596900633599554
-0.30781453282490956	0.05339701478837557	-0.13003417899874864	-0.10067739431785347	0.15975049736113678	-0.0008835546897227112	0.11471258918820476	0.22785009276747548	-0.10962018320368162	-0.318297032613832	-0.014407891498208775	0.21140324605781527	0.036868866751171465	0.031902746565228526	0.017578672866287916	-0.007914203378157918	-0.038708214852328525	0.08229082921935586	0.13316253266487335	-0.04557811434396211	0.06432985293389194	0.6694690101726744	0.3618861323071122	0.11141303399675048
0.2864168224078219	0.13169902533026145	0.043598300138997445	0.017241446514112493	0.2277509438258316	0.01120976638493715	0.15859755625748725	-0.3755292857105665	0.09042920630340176	-0.06935973318348788	-0.025808143664069562	0.3332279837147954	-0.21769226393630348	-0.10587226339787567	-0.12048026585667089	-0.0015701389968524448	0.03048747606658551	-0.1911259617835337	0.011648201851514946	-0.07983679349683614	-0.09055637078338287	0.39228681624190054	-0.46121743573368995	-0.2523093151324117
-0.08099551120015995	0.1474383052438933	0.11715864730036173	0.4887423029146665	-0.019054193477525343	0.6295408586196217	0.45214592290374633	0.13589031539605717	0.10440115919151337	0.0923490235737397	-0.2518869125951568	-0.053998535945179525	0.10960674905667579	0.023349343825170905	-0.016418978402852683	-0.020540323231458327	0.016549922597960127	-0.0011505499718162712	-0.011081846745935167	-0.007205096696380185	-0.004192085430446953	-0.002964235303112071	0.0010993707058621217	0.0009911914345681672
