0	1	2	3	4	5	6	7	8	9	10	11	12	13	14	15	16	17	18	19	20	21	22	23
-0.2261166345852732	0.2622176049920031	0.023351597914203787	-0.18220466485947356	0.018276930583688678	-0.016669575371397342	-0.22954580142480263	-0.04037778055598051	-0.2271730306580685	0.1961011193544756	0.05435977757876961	0.11973684417986989	-0.1639295758760682	-0.27502639065154727	0.5273262661114714	-0.08965218233631694	-0.3001899570000999	0.11042770155483429	0.421479985083612	0.09711904359615277	0.04257758716844678	0.014608213094758024	-0.061512575799547276	-0.01618385127177976
-0.2780499810826002	0.03652117703382538	-0.11037574041910633	-0.1194031414970324	0.1415410672473321	0.15252572898598254	-0.1370675018628595	0.012358489703290707	0.037993020587791845	0.04232129477598498	-0.12283606165481568	-0.10755600896503413	0.2797857908466024	0.07348297713724887	-0.12997823478210957	-0.0445282370628962	-0.22469883602974441	0.038060465587021156	-0.17369387025767583	0.19650521537186225	-0.28724929716749964	0.5185421906601999	-0.33374407418592883	0.34164674891979463
-0.2780014412562242	-0.03173248282071342	-0.18101006693411462	0.012026812870282335	0.11714965794289471	-0.02594194408270055	-0.0888533886949951	0.055967090758366	-0.13754906256522786	0.09193702070336539	0.15350271155799666	0.0816014909716973	0.018062904924078037	0.04921702164049447	-0.264713642964046	0.06562680161673856	0.5365764238050462	0.3011086911644126	0.32011193681580025	-0.0948441979419085	-0.009576380036730218	0.08149922450259676	-0.35449196612673456	-0.32589217840534557
-0.24639229744402028	0.20245028729331377	0.05092542331328236	-0.19412930994916663	0.021396155707088266	-0.03656205055530449	-0.16467212096876668	-0.0036637474405704744	-0.3136122029890398	0.011421497227062016	0.2012545856882627	-0.006714192426650568	-0.2876087291626422	-0.10085240070894962	0.11042663059297152	-0.02875561157044881	0.3559240246070695	-0.25006400117804867	-0.5667116625463351	-0.15817797917850954	-0.1882359145947037	0.011437440935711458	0.10090739354788993	0.054914284567651905
0.14072727038245827	-0.06506883474785373	-0.35545202993908553	-0.355795416965812	0.10834402003907877	0.058162112502994724	0.0019413447234982043	-0.32896961521209	0.08462421037689047	0.03146431463474525	-0.07153745907673485	-0.02184666185873704	0.1486047204535312	0.2519408582956448	0.3657840855464288	0.5548914550347429	0.1180262672628143	0.017983039351008076	-0.015301286274818967	-0.0011434502601325475	-0.1673877845707921	-0.10543306883688593	0.056171651657828406	-0.04352024992797776
0.15202538584439554	-0.01127055418040753	-0.2944330355328479	-0.36862343921272456	-0.16944130187951428	-0.05329482576176185	-0.12705986817851994	0.4168405653409395	-0.17732334530564517	-0.5041588568516824	-0.22718999833778972	0.417650749131142	0.06768352354107918	-0.0232837545437454	-0.05296010358852453	-0.10025166805813081	-0.004449014643089563	-0.032989718800650984	0.023600017605843192	0.030037135415361616	0.021910900737815875	-0.0064721000210427515	-0.0011829755420862426	-0.00018957987281419084
-0.28136763718059155	0.07715748467825974	-0.08504996010730971	-0.11528268321490245	0.09763096888697807	0.12334067357655924	-0.048378371814210605	0.017742330595363353	-0.14326731684224622	0.03453624513799528	0.05995496927060109	-0.09765041221322378	0.0782334497869861	0.11740425766753296	-0.23370251222747726	0.03275292601858359	0.1178364416897091	0.12299330249614764	0.04354055002025112	0.4928257138514161	0.3303869616733196	-0.37068168553973135	0.3212611632798265	0.36463424753830825
0.26660196654164986	-0.13214258703246456	0.1195933284302268	0.10524096760592114	-0.0823640310666275	-0.21475487713212657	0.14302058553514918	0.01584378431792102	-0.14976664681276838	-0.044522594687098724	0.10539096043130355	0.05921079056760198	-0.16919850036150128	-0.01895629669743994	0.1315659556847754	0.10463896791390552	0.24256044064461568	0.10250152480768032	0.17363607646977544	-0.023231720003228182	-0.12589506947829723	-0.06232263822859057	-0.3226451052159577	0.7016675528387933
0.0010559920975691333	-0.16816708034801484	-0.36128236214426146	0.38031544153600616	0.15154655651520121	-0.22599594742414084	-0.2372979847272971	0.06138271298940687	0.15787411522439113	0.4206522741849484	-0.13617472285961552	0.43286654766256233	0.1438537848156218	-0.10857346867958168	0.14269907364685658	-0.12475786529401628	0.12049394243485788	-0.08928127603453452	-0.16636803916701526	0.037677557403994894	0.057257543440721585	-0.015277217344728665	0.13053553728525882	0.11872994127393062
0.06267721062114853	-0.4123347715764475	0.07362772357605703	-0.008081356815461458	0.21430006389776884	-0.3559792578838932	0.04320215918476214	0.09930961853771768	-0.6471636668815228	0.12513138660016618	0.031965496970525926	-0.15297050590410108	0.1758186242146823	0.2172079748537069	0.008210876576908922	-0.010782616596293286	-0.24766649159180307	0.029097898997052528	-0.05293038199801359	0.010500495897520676	-0.04797349988918814	0.020530711130116504	0.08983408021712082	-0.15206795586171576
-0.2286274596426734	-0.2827312736989967	-0.017900907528054823	-0.07495959928087002	-0.029119276750384407	-0.21427804113870685	-0.11110449476477455	0.03643131605270904	0.1640015987656622	-0.023048090984924705	0.24272699321997707	0.15672386293738685	-0.2596692299241491	-0.3183018134517163	-0.3420974395056998	0.5252697152272627	-0.33579836067953145	-0.11050918452770458	0.004675370235349838	0.011239354028244691	-0.04424380711046687	-0.03794742745791143	-0.005991781959705679	0.016572747699677627
-0.19685412871311958	-0.25720281372165965	0.11889555603236146	-0.18985289917061035	-0.22023153384584673	-0.2290556457673103	-0.21189989475197415	-0.029471540787021064	0.3582901196710104	-0.07808883216763904	0.39851441178372105	0.08082393618746632	-0.024941601037384447	0.5187593610340978	0.17722833538006136	-0.3081810228187743	-0.01620664295641111	0.016620669212468325	0.022481765345374397	0.027965955452608684	0.011644911115663605	0.007199662900975499	0.007827056191068002	0.012903522121127291
-0.03719221977359431	-0.34899930539064294	0.25471984913944207	-0.29494071117915627	0.03256790944101565	-0.13473278676615566	-0.16232214119793614	0.06694146792635776	0.2057620195616453	-0.0455912654435533	-0.1570964419904836	-0.3308420045032957	0.3369401878754962	-0.5105360763894918	0.14948622112968898	-0.07262935108337532	0.29018913851887324	0.029814003374289643	0.006061942597547734	-0.0054611505325059696	0.08668233280609275	-0.02669279979365286	0.033053530101635344	0.00821545178633087
0.24078507841361912	0.21122171000993656	0.021703499733319323	0.09553637453390205	0.2967228239836762	-0.0006869230938992625	-0.22252053744607858	0.018460808950259592	-0.012299836349309498	-0.16036984347007052	0.4381588359219217	-0.027849506184627313	0.32869895335277693	-0.0338905607032786	-0.06454707438484644	0.01806123910025279	0.06399696231274812	-0.5538964740729647	0.30155515619013235	0.07521005592088398	-0.08999648275173477	0.030885256506103152	0.031211119813807385	0.008920707743494065
0.24236289842603698	0.2383703388613974	0.10261547571251252	0.03992580148984212	0.17598535621578906	-0.0524279645614653	-0.17651285938385308	-0.03022761597074606	0.03284172874329649	-0.14693945241317471	0.36365409727319986	0.14011954867974694	0.2565279946287822	-0.11611422391734864	0.01723723412526551	0.08284129013231084	-0.14862901448419366	0.5997923998055277	-0.3540572188404362	-0.10737578471053336	0.15127989934329897	-0.047020217033646144	-0.041172025054763084	-0.003169034515758579
0.23623883602946927	-0.041566770892775814	0.058267556583567276	0.043391134554459254	0.42924322554445304	0.018888988448041176	-0.538994061393541	0.12715307061355532	0.12199557497557109	-0.09268693573364362	-0.2695238663220991	-0.2379079272076048	-0.49490201429045266	0.18822039178913136	-0.04350292992286835	0.013535472013918286	0.0031934754469379167	0.09127244016523445	0.03688607364520748	0.025906215016723917	0.016279092519089877	0.0012498095961988062	-0.010140143379455917	-0.002606220175738101
-0.23438065881686215	0.05847366375434988	0.27184486417170134	0.20711703248764443	-0.02727788814318384	0.03554831982412775	-0.019876949337581044	0.31035609660576496	-0.02656575446310039	-0.1051444811598131	-0.10356266466095648	0.06295878193151296	0.11139173955379052	0.21753878326870668	0.2572706004685398	0.44380700821268404	0.09103684768179787	-0.10512373953870727	0.005671874896736172	-0.1599300101857086	0.45797681350407415	0.33625080330475204	0.0695407954065882	0.06480512012537701
-0.2261974295367699	0.25302776203153515	-0.15604415349650116	-0.01853902295049549	0.05036091592796061	-0.3169660419398477	-0.058312142203390004	-0.03712633330964103	0.047067197174844935	-0.034121401291925244	-0.19727075508846773	-0.20654469862753988	0.16023339817406768	0.10545051687957313	-0.07287745986016601	-0.04413881304274765	-0.18663833158381024	-0.17198221627106217	-0.028915697568678872	-0.43433518411802996	0.18490506636396592	-0.44103777479708917	-0.35763478277714067	0.1132435909059635
0.1982136417277125	0.1184771128862788	-0.3051106629945027	-0.10492598856662619	-0.2192784977691106	0.02381410667721608	0.05356717809337776	0.631638566745018	0.11512317456657266	0.37994418295000115	0.25770011065203435	-0.3912477840662651	-0.038484963298244634	0.0032217186373681914	0.05523385118699261	0.07181596056897803	-0.03958288015506397	0.043982410558072456	-0.03383000943982076	-0.019199772069583565	-0.010311835975846687	0.012929514718749126	0.0008479223346950218	-0.0014781876431397736
-0.21477315459816076	0.072642816523305	0.2774368170321478	0.2701955029395039	-0.0373815976852518	0.050301262035285996	-0.061366521465534465	0.33049688936451826	0.06389008058046386	-0.08737300686817764	-0.12283049604882171	0.0650653419061216	0.16436166858029203	0.07697652636002975	0.1411952275014262	0.1518087443081068	0.0012451783548257378	0.10101955674958676	-0.008301230035193022	0.16304926658921468	-0.592397032423039	-0.41696197818990344	-0.0011008010577091224	-0.11438926624171893
-0.2362741186186343	-0.11419451715880552	-0.26818240561782114	0.12764547746969981	0.18854043314077618	0.12246778998952682	0.09280091920688435	0.048022358547292206	0.025275834759312416	-0.2506955589992754	0.10365688205877001	-0.12829640131265505	-0.008810511026178736	-0.06313451360879437	0.046155634575381396	-0.11593622634057203	-0.05040645940212057	0.1959054794102048	0.2172496172275527	-0.49547777604569193	-0.21523122852011684	0.0825765725982139	0.48009587831973016	0.2321145520394873
0.03389765750122055	-0.36739397957975234	0.11541467615040077	-0.10998986673503787	0.09196761615352957	0.6821501158060734	-0.10230272748949938	0.09425829354575893	-0.0970163157803474	0.18879575868294957	0.11564679816866706	0.1944148851281728	0.05120716108754035	0.026528870901288516	0.01710356875446744	-0.058012128008608776	-0.10229589075193624	-0.11304925533901707	-0.04909394796221433	-0.27577567441407674	0.10764654739025373	-0.2681068957606984	-0.22638589279418161	0.07535973496070969
0.14550262066897107	0.20993535361727844	0.31478583708904473	-0.26909571500912405	-0.200094154993925	-0.0769029863235565	-0.23478408528520217	-0.050183883439431316	-0.0290211317610454	0.3945698515377015	-0.179629622976247	0.175350404225862	0.1441677870288635	0.12983341282285987	-0.34587133052394736	0.07083266380795786	0.031091241266737266	0.06603066545645375	0.18795653529982326	-0.3009139417530672	-0.1649725532723341	0.07308359727232762	0.30816064846310265	0.138233842617749
-0.04339509301212521	0.10926029013454888	0.18712130351084685	-0.33741958059686855	0.5910291297268884	-0.13559855653273392	0.5069281538415769	0.23493556696735093	0.24393114565229637	0.1312482233734218	-0.00929142147978281	0.24933559517011375	-0.09145199070887416	0.04671955509976686	0.011269578189207513	-0.08195754092592661	0.013438935683543006	-0.027340481890041575	0.0011878035648472673	0.0037568615745450385	-0.01041217473675093	-0.0031946999288351517	-0.0011854833499542047	0.0015726669693777442
