0	1	2	3	4	5	6	7	8	9	10	11	12	13	14	15	16	17	18	19	20	21	22	23
-0.2495841664778351	0.11234587277163258	0.07091654594518917	0.13111749342876688	0.16452202285033957	0.01902046013344246	0.12291990439958773	-0.3600918381199716	-0.4340346066815486	0.03509313705085305	0.440068728077302	-0.36171758860638914	0.16992794593519492	-0.1811868409759195	0.31449138552869443	0.1540390911527556	0.17433059106328935	-0.03143935796404084	0.0052942989372088585	0.0241237149025207	-0.014582088394107486	0.00047029473980306625	-0.001195906282391698	-0.0013811676681601609
-0.2723427150367047	-0.04381726732427954	-0.0006863976286380403	0.011826367806537957	0.18520931288075515	0.06561284333154002	0.07168743201692455	-0.1558371106567852	-0.02071738745104531	-0.22630111787350365	-0.24096338875103965	0.14751297546681832	-0.07245602263083177	0.08190006752009242	0.007623992098677609	-0.03050371729765983	0.08011065539686292	-0.3207840037341163	0.010621746724239265	-0.019392868300361438	-0.20452269848342566	0.07922135194686607	-0.541641793044014	0.5099372568860197
-0.2651895730860729	-0.07028877301053162	-0.13330047045478316	-0.07783654438307658	0.11231108593093597	0.09856814990887795	0.049869887950103824	-0.13492445911298198	-0.15619214813058285	-0.2278721841614518	-0.22463680176784145	0.04947005733931845	-0.004666923594085514	0.03307895536551027	-0.04077485267677142	-0.1587693440314575	-0.01606532405149963	0.7042144417291856	0.03799787653843803	0.4304465970727928	-0.11264876237318043	-0.04601110602540158	0.014087510231637585	-0.05252581299405745
-0.2774031289385694	0.021918219758318418	0.021655311520655623	-0.02322708974203362	0.08429827056073305	0.09410640208804999	0.013147717313389009	-0.0039139298579027315	-0.1106256647305538	0.14470183907409537	0.1735599119491648	-0.08831937027902292	0.05846058529801507	0.15532838998838353	-0.18274473500947017	-0.20402413257236232	-0.8390567778756279	-0.10715240751775143	0.11635031929542719	-0.047060578589550164	-0.01771272158106325	0.007487845439596437	0.00673231278623094	0.008778435046169297
0.03414737441084302	0.3890711265642569	-0.14869449891521294	0.03359899563454569	0.2534249106324468	0.1372374152840011	-0.07612333506250042	-0.057806112147683615	0.14596625512448214	-0.03765692174207199	-0.09671909323218705	-0.2484904403287277	-0.03678355764718394	0.16602419695828494	-0.16884845045276245	0.05781778063499075	0.11918348789553992	0.11015434036703149	0.4026927593940083	-0.3328285661613918	-0.05229332955640112	-0.10224127104536027	-0.32602021379842666	-0.3983415483356705
0.03238413916071273	0.3714250210510405	-0.12062916076275125	0.008771123120869688	0.2056086078177683	0.09424042860872166	-0.5411093603938728	0.09931122717823773	-0.26229396532458854	0.03806592228988983	0.16822369913797486	0.5818809334148181	-0.04833330992810238	-0.14741100639076388	0.16949809482673484	-0.036646134848892585	-0.027881286855192606	0.003295281117259191	-0.007651809159831442	0.012454118422411436	-0.016034221702572175	-0.0034019049979666025	0.002227114963205096	0.0014958739028660554
-0.27568751030072003	-0.03456838342159003	0.08569992514226182	0.01813352351958319	0.07382576599813488	0.10775675703227575	-0.03868423772514827	0.02306476578564815	-0.06280436029044027	0.049966065696261774	0.003765071178177427	0.057788544663828045	0.054818312440335235	0.1937714652045567	-0.17069182593943613	0.05018451649289933	0.08424588071178818	0.2577028094398405	-0.6448480195835389	-0.4807609177097004	0.2892041760743798	-0.04426173588774514	-0.08747970690871398	-0.017821748028236266
0.25975205210810054	-0.02615484654128419	-0.17020447671483538	-0.14566992918935376	-0.2097135780964336	-0.013073323136084782	-0.10054759720154285	0.18109412047529597	-0.11375235498059523	0.09241426472010482	0.1928967565113209	-0.17607315752822197	0.14566922820363742	-0.012839492923545394	-0.04123469249969169	0.06837341494813413	-0.05155708814541745	0.19603573201636723	-0.008418910387344956	0.0035360298834525975	-0.06727047603961082	-0.6324975964903278	-0.30482244712111406	0.3721325335755184
0.2651655209832542	0.0069678140057061804	-0.17358892470665516	0.0009923230462987247	0.023535857089651162	-0.10168866190461913	0.1312437269740562	-0.2051342854385644	0.04700245610019928	-0.28254740176421034	-0.20721065164156757	-0.022262306896145893	0.016332490989598478	-0.34638424415173985	0.4393444967091359	-0.224133170836437	-0.29899404585275335	0.16916709978633926	-0.02941820279666419	-0.44937245262828435	0.10389386836274252	0.02495921858723612	0.022578773245764187	0.08706444269257403
0.039486772407132824	-0.1895000484223106	-0.49831405475189267	-0.39078185055359027	-0.12397694783957655	0.1182357776964528	-0.10797569422248819	0.10879357763130323	-0.4024509753723583	-0.30776730005611685	-0.0712718002661388	-0.12184453813640361	0.20612697859139226	0.1730448541796903	-0.06087536999610152	0.08366404569234322	0.0495831884628974	-0.25197485201347913	-0.015309299344428826	-0.06490126599894566	0.055174497957488	0.21853491108799047	0.08368570457362261	-0.1438937309429102
-0.24844013119018785	0.03596797219816034	-0.23130141490695863	-0.23390369696672653	0.049242538240839	0.07229991598712905	0.12080900123001372	0.005850326682228359	0.286878886721573	-0.0741449598367383	0.18808710265326364	0.06370701119237465	0.016444093653032784	-0.6936257276064378	-0.40890863845678227	0.1661951580346123	0.0007208000394625369	-0.0350148132679158	-0.040956678861304704	-0.009065000428545331	0.004588958801364807	0.00208394075984223	0.0052411641957135005	-0.0024183659852825595
-0.19678229943886777	0.08180251141148832	-0.364097899861123	-0.30414369958289295	-0.048954600541018606	-0.13243003355406996	0.18942683101204208	-0.21353432507166303	0.3683903195619423	0.3757399116897246	0.13448454027448364	0.24598119883332956	0.2781220986757363	0.28371063989791695	0.3069600043705567	-0.09941883242819739	0.09878986211315012	0.010566707535363129	0.0235788805980923	0.012698246026967048	0.0072786985389384695	-0.003812470949164992	-0.0027408671979014037	0.0006708890931318025
-0.2501688093930314	0.06956144265007382	-0.1682297761740163	-0.22926138486801817	-0.15243737554595646	-0.10368596602864376	0.0009763711123981766	0.12273156686643293	-0.1495233135352462	0.30621372723539025	-0.15632410264644037	-0.18786281056860832	-0.7431190900684035	-0.06289510028781103	0.22027183810550033	0.13186348264858094	-0.027331449279996405	0.01965617203708001	-0.025006322549280043	-0.052560065139603984	-0.008843272940591168	0.002600567548482642	-0.010068243760321147	0.003472408613257834
0.1742205584541696	-0.29872009761659896	0.058318389898842235	-0.09433243565258369	0.10507134145927416	0.2167690046201837	-0.13834954846227152	-0.3770469009641068	0.12896792712006214	0.01933705674358132	-0.008691495037623901	0.14709319471131835	-0.0860412475849404	0.10995593371871407	0.08491299998371425	0.7149609513992866	-0.2399506444406521	0.10254709566562875	0.06178634069868312	-0.004003015982963539	0.0009246386654342353	-0.003915098953124468	0.015089837750477099	0.004363942572674921
0.22811301648488305	-0.17770511077080325	0.008654752483920765	-0.11615142104824008	-0.011329414651740855	0.23179567877000537	-0.18303393165987017	-0.5035513955829898	-0.17078301556338552	0.4687633919990047	-0.20463194760373102	-0.04803927202573265	-0.02499421185965953	-0.17637315567024728	-0.265193637726241	-0.3749485826520412	0.13645080953581332	-0.0794144404823133	-0.023837373752774404	-0.0229468274322488	-0.004607962240497524	0.0012485510935140679	-0.009976993057212401	-0.00440605773036707
0.2460242550169411	-0.10727769900189013	-0.18753086265478333	0.019028663376458622	0.11304458537782106	-0.1835499815070232	0.1199012693409908	-0.2514475104071435	0.026313495784158116	-0.2720349686083329	0.5450731080554556	0.1043259726864846	-0.47552918238998043	0.23734867933297435	-0.21831567586415498	-0.2146992320603797	0.053038059912423434	0.015110419781627806	-0.07872250239062853	0.0011793128664347892	0.010407837759768347	0.0007597149517895828	-0.010361496073858207	-0.0012821535584709837
0.19115535681020987	0.28177606871541644	-0.14209861564739862	0.016789296969968715	0.1782423156361269	0.0779953513572846	0.0016260991261928051	-0.08625926211339388	0.1643882204073286	-0.05398004883706366	-0.14643865955990829	-0.21703566320074177	-0.016903640702842993	-0.0020192488062785834	0.11527391782593877	0.019534667928209428	-0.17989841401568385	-0.24795899862579598	-0.5657386220623671	0.44752267881171515	0.025827312519109576	-0.1325865819541899	-0.14790376306853556	-0.22702396073459297
0.03290961391065745	0.22452537437039927	0.4186884093723792	-0.5336593816293553	0.016955185849014204	-0.027340600857979583	0.07847348121026902	-0.08717044789194832	-0.05663055031328188	-0.16334702272024432	-0.01234583670121659	0.04238464117194289	-0.03237578097190977	0.02678765258167547	0.0006111515384083378	-0.04829839802408385	0.01576303455411849	-0.045794516286969594	0.17180734206951487	0.1366895440987372	0.609473905342516	-0.08498067877436781	-0.0752361780099645	0.05287875945933856
-0.21219037927328727	-0.11417979863343511	0.04400221589791331	-0.060944806237633486	0.01003998339504093	-0.6168054182779049	-0.6294474607562426	-0.19842414945336262	0.18405889718500257	-0.12201399797502321	-0.0414888395927766	-0.2414273506654365	0.08618893008044107	-0.01369258969426975	-0.050550828620520946	-0.01493282039921432	-0.020113114476091074	-0.006273006603185717	-0.018831215530085484	0.013773960374074346	0.0009588956779855665	-0.0019677681131296124	-0.000836286266475541	-0.00029223905828170603
0.10169252306752266	0.3670210200429057	-0.15128568348929305	0.008806693157249702	0.19637853645148148	0.1309796365248872	-0.0866904711471227	-0.014061880611936563	0.13148175246953406	0.028364187672022916	-0.05062908087835841	-0.2834454150012065	-0.007518159997299234	0.1508339929424084	-0.1424319328362959	0.06572840796482268	0.051768174995721034	0.10333231354384315	0.00029355523916644514	-0.0019018637628213518	0.0586470528900347	0.21353799854090116	0.4549286472561955	0.5922717230994547
-0.2667972633152375	0.07768509983313969	0.0012244122214744371	0.07489669856515944	-0.1588173970395334	0.16035595642850003	-0.0078802982423339	-0.22777005945237255	0.029523486285286046	-0.25687689802538555	-0.145026455677426	0.10924097584311047	-0.08726340611234625	0.08691443505577309	0.0026506854529460278	-0.04195020874165446	0.0664519713814227	-0.2700829669819822	0.03675441232721856	-0.10952989591218107	-0.09100436008283641	-0.6191736809703411	0.46156152700358394	-0.04615390740073813
-0.11794789813329493	-0.21407706393430276	-0.3729245108536455	0.4850138174270885	0.043681960024975146	0.04232066027983954	-0.056020859344678674	0.027198862511262672	0.02902727295748766	0.08022398736761281	-0.06058096314040148	0.007488702100881605	-0.037222523721602355	-0.0365338845969321	0.013409083526846182	0.006459493105407055	0.013992953237593864	-0.07172405182197424	0.19953486724953415	0.1617828251361275	0.6737757310003799	-0.09321998446012969	-0.0823805210173584	0.06038484764948941
0.06610273961964258	-0.2692589443931281	-0.008379756642017544	-0.1519981318548427	0.7566648988542594	-0.2573134475509482	0.16565158842196726	0.22775143965685957	-0.12550202912086084	0.15530610526532723	-0.13533579242188068	0.030393478768693385	0.027764209915287087	-0.01954689696157628	-0.002534722943416584	0.01030042058266802	0.05049570740833695	-0.09174614679404815	0.02772481861681338	-0.04947062136680606	-0.040598195853951996	-0.26109964366570615	0.19263583264824155	-0.020112845901624515
0.10148708702524879	0.32527854661058664	-0.11328853578112746	0.1589343890962635	-0.15701836516079176	-0.4968584737281282	0.2828252090824643	-0.22053110339286183	-0.34302438184854045	0.09921488576761398	-0.2427838442943928	0.22805288480325253	0.09577084762077816	0.016805310426664024	-0.3312099808832397	0.27835923783644934	-0.09975088910565325	0.005998903775008448	-0.018712331297209624	-2.609564437740133e-06	0.014416622413057176	-0.002761788848240251	0.0006340609452847026	0.0007477257418949478
