0	1	2	3	4	5	6	7	8	9	10	11	12	13	14	15	16	17	18	19	20	21	22	23
-0.24696975285489697	-0.2507688086114359	0.07710467493877192	-0.06664975224875626	0.006395284324379977	0.048673725607744966	0.16359710765149318	-0.10639988096966213	-0.17439575158658113	0.30897307213735437	-0.16152470593379065	-0.11244915559422165	-0.3773089179194629	-0.2746840737264355	0.419818814736577	-0.1575593500178796	-0.005022352195008551	0.40614098894032824	-0.21590647368030905	-0.08155466149414672	0.1480730762785826	0.029629175551619855	0.02628062854222345	-0.0015902237329445486
-0.1411027242233382	-0.25767451248138756	-0.16541402806922045	-0.39780272625107466	-0.029705803253822115	0.03448741796759286	-0.24394085754537878	0.0212537587627035	0.06476595268633514	-0.08376424157533756	0.06899294133723691	0.02090204210735396	-0.0317887229598771	0.2107301426717781	0.10312692489006677	-0.14251975515019907	0.30290266891126805	-0.07403815978364703	0.015441654798022474	-0.014697256451727665	-0.013071216420684576	-0.07358102338464684	-0.10707242812345498	0.6771602176027209
0.09461521388664416	-0.2850851722158417	-0.22046838593183948	-0.19317192851949108	-0.26552709148335596	-0.16416557010388147	0.14659360956812545	0.2072746240767498	-0.10706701702669878	0.14397851534990147	0.06077526632809972	-0.17818880033550946	-0.031066563160279014	0.01907213304035727	-0.36453069125841236	0.2992884308131983	0.017513419876634746	-0.02293799902987443	-0.1868003745562533	0.04702147492317597	0.3528467540155355	0.37635494390970997	-0.2477470077550895	-0.07114381059773843
-0.14586860109391525	-0.32440604865435796	0.1326250045550057	0.07648059079796019	-0.07794591291298548	0.036750133014821655	0.2552763292506623	-0.11356029147922396	-0.22406043504317374	0.3273273273015157	-0.1565710291461596	-0.1107000764042065	0.03367208562512701	-0.08893327653059216	0.014773894502458957	0.18340879871756624	0.1442733147258631	-0.5281747718933361	0.3465134370661532	0.10178277819651915	-0.2855990271828482	-0.12455517219450597	-0.010077743015225791	0.012001545235862278
-0.23338738035454318	-0.06066926233643634	-0.3228592946264397	0.17242673059674934	-0.028482284045613416	-0.10634169125601256	-0.00639925854559088	-0.2188433797898213	-0.13974543473718518	-0.12748860474997573	0.048526872219761145	0.3019450659039886	-0.048806691576156594	-0.0829917886663111	-0.12374815406534936	-0.10226644891662931	0.08599317320852046	0.2605514357449806	0.6068774438409787	-0.11375188388042527	0.03058713113005094	0.35324999347890534	-0.02225008072182418	-0.027201639375443665
-0.2338560962948497	-0.027389570582497483	-0.26407306993273066	0.2582973614703044	0.013815215369347631	0.1511558138018651	-0.052742455388182764	0.4683778541096381	0.28021809760854643	0.28906420301231855	-0.1610396366461221	0.5367358350753697	-0.08461168995824002	-0.07657059866246932	0.006044677583779772	-0.018538345381346726	-0.017368140078197793	-0.1812649376127487	-0.15771679121232435	0.10913617181187844	0.04773112943467565	-0.002444768037807389	0.032602795614265656	0.010843589608974195
-0.13085227288840953	-0.36036297681098545	0.026335512074165318	-0.10690222357006375	-0.030394085509273576	-0.0833572333765885	-0.03869829796910592	0.019344376299377228	-0.0666980776977491	0.09943705813225938	-0.08639045876867403	0.06596446601142426	0.2692283420444972	0.18709705519015693	-0.25261247830865724	0.015608121352444073	-0.533636221041116	0.20169166207958422	0.05263997899413689	-0.08036857227312107	0.0526756471455241	-0.22775881249641283	0.48390583688677846	0.09981394571725795
0.16531463227543328	0.29786980257532497	0.07622312879779944	0.28759451078904913	-0.14502689930597695	0.012405515697572757	0.12411324495146552	-0.013272617393807723	-0.17301728626781035	0.16112520112541145	-0.06797545974751673	-0.058270656425958946	-0.019572916534333688	0.053006944225774434	-0.006219601262870066	0.025918572867125005	-0.07810364847408548	-0.020611177137267265	-0.14463172408079478	-0.04027803543565963	-0.16677061360973489	0.48584819043959726	0.32086469803367534	0.5431028254149517
0.17210840003835376	0.17340137246872642	-0.31487265425031463	-0.21783047777464226	-0.07204933056393416	-0.09899761560064284	0.16019505175167373	0.28837782669056905	-0.013916337369715334	-0.08852034653963414	0.14038781249138563	-0.09926115603269896	-0.5338105502259061	-0.22322446481335667	-0.07614125841790051	0.1573240262685426	-0.08752054224144092	0.001312369738328058	0.1913521193330585	-0.14548857239153618	-0.22739481984472856	-0.2867348708335018	0.25471013670401665	0.052258884288847104
0.15162007812572242	0.2536225615490723	-0.1381771927540285	-0.026431283459275024	-0.4282284677449237	0.093831743990055	-0.13103383958915593	0.0476506266648701	-0.35132731103998516	0.3049982534300667	-0.13410682086537282	0.06510186596243413	-0.055380224422684275	0.528787302227471	0.1219757662447942	-0.15306810731193787	0.07804131724612166	0.09212140874148245	0.11716789349202113	-0.011030173821824668	0.06289513895817979	-0.21668976356346997	-0.07692873068978577	-0.1906495479421558
0.25229028229166484	-0.19744351392784174	-0.07625955664997335	0.14261740342739163	-0.26363987044312104	-0.01680387784821884	0.3175581371801671	0.07010279472007742	-0.030915358331575212	-0.1284889027293145	0.043446794490243926	-0.0022921225114313766	0.16148427343992286	-0.23523285189548496	-0.21877532938546976	-0.6832598087672322	0.15723355732228067	0.012191466271715677	-0.11766563784035705	0.11580149789151803	-0.05783668166446942	-0.15308683416857868	0.0295485477615652	0.020204040939611395
0.14079791785214812	-0.29273557713728643	0.07198871751311776	0.18007951699986427	-0.23955460741317305	0.07876999132473493	0.44096128035634286	0.041249188163823274	0.29100365641791287	-0.2291912321893898	0.263487380000146	0.158057522359203	-0.01649570120132903	0.35134508423807226	0.4107431383021777	0.21967173175245658	-0.04042704893988982	0.0987616451787226	0.053410356204345415	-0.09400502922540765	-0.03238373565672368	0.024281906540612307	-0.009962227211319199	-0.003920232236406055
0.19326645309386903	-0.11899668213796873	-0.07817715220729773	-0.01391738205416036	-0.41529791133260757	0.6284899248662743	-0.31343924325654116	-0.30827380921304065	0.1446642918551587	-0.07670382424310868	-0.07953546038771366	0.011069566870677564	-0.0378088527746397	-0.3135034836740923	-0.06305856458276493	0.17638684070164706	-0.10698555961958267	0.005322786247358642	-0.0005943913160758884	0.00238979271143597	0.0049931715729874745	0.008694793887627532	0.0422362992945504	-0.002573030404450161
-0.214127350639223	0.253380636539091	-0.02425930527426212	-0.2621012401498052	-0.0682464579628008	0.11670518656761783	0.3611912990361087	-0.08952454417182731	0.13720129770324402	0.024744909270122697	-0.17274144850518555	0.08026593315115445	0.19613215364468137	0.01239923182588933	-0.1800893257680752	0.24857963090421265	0.29407212535154953	0.40370799911438937	-0.045511033350208334	0.41923774749026815	-0.18136348168413371	-0.0873548906946997	0.08189718697415636	0.02873217677141365
-0.22189246333875012	0.22219218120369547	-0.04140411649958885	-0.2720481181699821	0.0025451596180698305	0.2297936559505479	0.4038848119777203	-0.12902751280044292	0.1551643679947966	-0.17403990745533232	-0.3602167063613956	-0.028433530200964393	-0.0766563907287739	0.14980735238940468	-0.09991781683486255	-0.2246543463973328	-0.21050262763070954	-0.3079364829208071	0.009367430241057084	-0.3538898005763374	0.19622690833243756	0.1057264816837609	-0.07012744874045314	-0.01795338660027729
-0.1800828818551056	0.2650441190105564	-0.0379654943899543	-0.2931277330925647	-0.209155996544168	-0.02741174922732883	0.08261382730582695	-0.07461821032569606	0.005824398334695728	0.31194914333489726	0.5907007668593218	0.12529984939947622	0.33779705907980484	-0.26264667691974514	0.2051941441993103	-0.07478936243159716	-0.17700543777288957	-0.13654371944282648	0.004672118121138031	-0.08563011884155186	0.04212905976866507	0.0300101084021055	-0.016407340441570443	-0.0054761761942337455
0.21023267533783482	-0.04685643749104674	0.3564498889076408	-0.1616395057851767	0.027395655719599586	0.08128303601671871	-0.01555386574856363	0.28726865653855466	0.05224675773049405	0.19459087336657957	-0.12207601813675834	0.180615210760412	0.183252982177263	-0.125389780316634	-0.1491313371969764	0.04953057607019776	0.2265609233406792	0.2336677031633978	0.10796929760656665	-0.5998020786814406	-0.2119706388331763	0.0533100164306725	-0.15171946728092472	-0.0063326626117101575
-0.2691094101645422	-0.07474305477324879	0.05943362270337059	-0.20402123336244105	-0.36613779546780206	-0.22822404461251974	-0.2197436479042975	0.16816401758810387	-0.006304158430844642	-0.27531511189690555	-0.1691933566689299	-0.019247374707879683	0.004929630931036072	0.001868206101367599	0.1576906385562215	-0.09439372685209761	-0.10111289051867778	-0.05915251952539362	-0.15414805111421448	0.04752141755919572	-0.5187184140865857	0.30750950577261116	0.04044988662969405	-0.2654768101626041
-0.2334236895308983	0.03697236947426992	-0.2825561308233099	0.25948355219110236	-0.006280584002998453	0.1783974467369788	-0.052910303157743435	0.2665727381520963	0.2714764222512027	0.11694142817245036	0.011180968633180854	-0.6705818492492943	0.25722339990407667	0.03918665416566993	0.07125901340053797	-0.05860773419520273	0.018499568363011337	0.1560505827073238	0.17174831458390255	-0.13096157389619176	-0.0731803838254444	0.005482499621813652	-0.032860296494130234	-0.007176513902935035
0.2180169284573661	0.0013680131500464349	0.31828330389688003	-0.27588400702974597	0.05232614796202204	0.11993726855194474	-0.030869000241854176	0.30433757965495056	0.17688641035896244	0.07823935582587	-0.05155482822847677	-0.06742212251300445	-0.07944153958865457	-0.020619910756301936	0.13112262288763882	-0.21021408383662665	-0.12602737907659536	0.008409283836588746	0.47048165119345703	0.42847918237724236	0.2085761639382632	0.2722652383280064	0.11313893167552977	-0.016922782398640687
-0.2233155437730019	0.061003860607580035	0.3294868566098199	0.17045873088626454	-0.16535971111279654	-0.013268353236383245	-0.01158947220795637	-0.04265161318550552	0.1507272395844488	0.11113064122986244	0.18671669886227152	-0.021684608665247247	-0.3312542757908574	0.08801730473262759	-0.34714523603156855	-0.09551555755061275	-0.3286647287024681	0.14092135475083983	0.051400760321924865	0.11526429156887519	-0.1829881177375194	-0.12000145069666637	-0.48400880920852934	0.18933903510929678
0.16235967223106162	-0.17675159540853239	-0.23276485481331816	-0.16971167926423134	0.39863328395733794	0.2981120200599119	0.0438741994636454	-0.16555829836380398	0.03052553496102908	0.26242092903037295	0.24733344399289198	0.009766571780730314	-0.12918265432019765	0.2750855104344338	-0.13344007772995786	-0.18071516426586678	-0.05277425908025374	0.016392055482100355	-0.13737472990696042	0.04263863529568536	-0.4158528070731162	0.2511778290609405	0.03418922439062473	-0.2178904909904765
0.26031610248069437	0.0032156195786879616	-0.2914574815402071	-0.0583762631780676	0.16732722188374372	-0.0030595934807653123	0.10976285846494871	0.07404937414374371	-0.21245350438183536	-0.06713259688137652	-0.2691259777624181	0.07572762408393705	0.25447480217391205	-0.14826263268752995	0.25260900710302114	0.07075270460009617	-0.4315781662191772	0.1024975206833601	0.047059757473753766	0.12815245050483554	-0.1843579570126192	-0.04137023813089564	-0.4777792831204589	0.18865902010899835
-0.267718364280205	-0.003625758057881706	0.1466629267981255	0.03681486725507552	0.10656638077965812	0.49563440970609735	0.06470241925545699	0.3715367946191552	-0.5671159305348757	-0.332877862663103	0.24886913551944573	0.015462317381535327	0.024782609533859093	0.011330067252035732	-0.05970301346816084	0.04370825600398291	0.0046028504419884115	0.01418552206433632	-0.04577063165486929	0.038279225203622924	0.038904885616182217	0.009513925072898142	0.0004692542068684292	-0.0022469022717752714
