0	1	2	3	4	5	6	7	8	9	10	11	12	13	14	15	16	17	18	19	20	21	22	23
-0.28040689567090116	0.060784917083289744	-0.09920443653644413	-0.08053160363769021	-0.08041328112092787	-0.1086172768567393	-0.0040316609847929116	0.12701073724275044	-0.45795077466869366	-0.06719211516799539	-0.04593029920978294	-0.2404177130472615	0.09197463584255791	-0.12338737391836481	-0.4796342496973818	-0.5390242586562629	-0.21004628932258496	-0.034195074247400176	-0.021303300477131793	0.03660058348596876	-0.032851645062838886	-0.0069798604720130745	-0.01621657385601733	-0.006427018092470562
-0.27835854191444814	-0.04909312749567022	0.13386457331563587	-0.1084925148008317	0.002102709875032971	-0.060560951409356974	-0.1232821380926283	-0.3358515333720428	0.16637385428301488	-0.051235399258907285	-0.09072532152664094	-0.0207170056001209	-0.08094366538279446	0.03728302463242718	-0.1629829762111684	0.049021060853097216	0.014615715364183407	0.47687077447071324	0.006579578958821285	0.5551100142860356	0.2178791958655491	-0.02679542675534357	0.19152837996802236	0.24938523731001938
-0.23053656454975105	-0.1519166673867337	0.18742430985415995	-0.2116430614498307	0.009828626170638273	-0.0046873791884942265	-0.4484818581847625	-0.33075639975287024	0.11014013792230543	0.052220440769594506	-0.13755185664462966	-0.28716957632727114	-0.038760231695219784	0.22929710843020193	0.06304876752506701	0.00481942856006071	-0.054433709968664035	-0.4978800784780676	0.21531789926344633	-0.052864675317881686	-0.24155462529911742	0.020497850651751005	-0.009452389609136243	-0.003794526773878229
-0.24323322216587448	-0.15783832839838213	-0.12628968419309322	-0.16439408593225374	-0.19711922835635395	-0.23590824266305757	-0.0346684006263825	0.036697768533852475	-0.43301353547804616	-0.035374215174935546	0.2739680297553588	-0.22915470712151498	0.1410301733790262	-0.2123003923346108	0.11135427991658157	0.5747403532639898	0.2196981242238798	0.03508694673874107	0.032832279234811364	-0.01985661942582823	0.026526649412947287	-0.00713558842717169	0.012567278654284527	-0.00030811668987056594
-0.15827698737625726	-0.2473647105945393	-0.04502801936961277	0.40205829753982325	-0.14449700313799016	0.05863908061283193	-0.16649240740975121	0.355129194311345	0.28651963090764204	-0.6610013238109771	0.02307381683087654	-0.17789964130911884	0.07640207765321474	0.1101704493478564	-0.03621028734903382	0.03333632572589012	0.0038309534299103562	0.005913363581917934	-0.0006673229464385248	0.012170290711828322	-0.011416822749377505	0.0009257399413599186	0.0016277635298073115	0.00013001805872045835
-0.018878181360893417	-0.27527024969385194	-0.336817627754622	-0.22665524148308758	0.19429840038842963	0.365830042390627	0.12870463643814817	-0.1079577379133678	-0.040453639378198666	-0.12622935813876632	0.0012508776069627124	0.00030920095149347286	0.004708136051620223	0.05108026521861925	-0.027138513635411254	0.024468887120812206	-0.08552563421908577	-0.29268379971836417	-0.08054031044940543	0.020950706891875753	0.6013273803829496	0.27555280830778234	0.016499574699859722	-0.0030056017951193407
-0.26410183583641905	-0.14852064656670308	0.006246603740498765	-0.1311217710876256	-0.1543881517147896	-0.15895485950546842	0.051112266858756084	-0.270528528856803	0.2112627883873307	-0.029930174985895987	-0.032480275909882395	-0.031212633737633815	-0.041041896554103785	-0.004982820183162116	0.07365570871610276	-0.18585366846636567	0.09288784785388379	0.27180105353587447	-0.42114689217098666	-0.6394888269612771	0.08606668733171903	0.021904907880817566	-0.008752101660793554	-0.006919514821984726
0.27022413192102845	-0.133122053457214	0.08972286890466387	-0.062011242220116475	0.013632212775024488	0.12022841087765337	-0.21448364601096304	0.17333974081836828	-0.09436401041687338	0.13502735657265172	0.10921813052652773	-0.20080234156753282	0.2322553767689879	0.0583135749181749	0.17778506822441933	-0.15926642289932022	0.008193065595644427	0.21223862583969585	-0.0384123434463804	-0.05902494701958205	-0.09650693993837915	0.4495505243153883	-0.0604240374332053	0.5897758982782454
-0.07261637611339766	0.29190762298627065	0.2884603281505482	0.06831691933634072	0.3306588504109972	0.3229622615519774	-0.2751505281873015	0.16925645318554658	-0.15575796207220938	-0.012704789362721495	-0.3498613755234146	-0.13934262288002314	-0.14374419084694	-0.1532679902988584	-0.23849739283134846	0.32961986147303446	0.08415296911889299	0.0940257220773981	-0.2052788974258251	-0.23903057072847306	0.10771662304777464	0.02799462167416445	0.008489717205695663	-0.007969092794268686
0.24232825050220339	-0.18154543599969503	0.14882331859353318	-0.11274754084430424	0.019726830490116917	0.13081215950290997	-0.3172508915991012	0.10893719279419876	-0.05938318890322572	0.14734217836369348	0.13006154303568043	-0.23740050378840225	0.25731706896674456	0.11088056955338628	0.18038118061360267	-0.18539128506521002	0.0017005514873486352	0.22349002075016475	-0.10393070995012066	0.08354080963247622	0.257182653138459	-0.37314149203483915	0.056106512142171654	-0.47250370007149817
0.25323196964236544	-0.18717881582587464	-0.01543864149011171	0.07645568267489615	-0.07689763598536371	-0.14140792460476237	-0.14714342060069327	-0.04586069649429304	-0.40249594371277614	-0.19223404608018424	-0.09134713964664112	0.0016074400582469324	-0.7429972661308955	0.0950126449512108	0.23336225209296452	-0.09788559221192338	-0.0557447643189501	0.0779246815331308	-0.03129749774262135	0.01912960705570184	0.046046387347945396	0.001629522659941144	-0.0013201757306754607	0.004945214724679216
0.26613045860285595	-0.1254229352303105	0.08012756749334236	0.07152968964761293	-0.009315762511791665	-0.15572473523503588	-0.11047307307748853	-0.3341784122919496	-0.25393378879080386	-0.3374333481856357	-0.45469539651596735	0.3283335614266197	0.4693915363308276	-0.18888848188401902	0.050722305884706144	-0.0014562233677749832	0.013891070930783102	-0.028260592119834678	0.02005066489459782	-0.027131054844123613	0.006531148230004444	-0.006394698190544529	0.0004321190359668686	0.0004042665195587638
0.26807829606146966	-0.1453572221178443	0.09096826277515939	0.0347642209087438	0.03706348638643118	-0.04035789756266183	-0.11249106266681747	-0.17935873979318623	-0.09573776448053457	-0.04771272703843102	0.40729118440842427	0.21694912500825836	0.009569264858108557	0.41546311254908586	-0.6213826459323993	0.17435886228310318	0.05770413145539144	0.014967883955331298	-0.0930006738031618	-0.13542008525573435	-0.07330837159308431	0.00801051018572625	-0.006595116049901588	-0.007624332926744759
-0.2060131370225166	0.13003622777311927	0.3413569386927447	-0.01634600055140649	0.05523206131791741	0.14888089647176614	0.283220117868105	-0.07838524944319505	-0.23641214148911788	-0.1956698405597602	0.14407500282494978	0.03567546729989096	0.1253163589136771	0.30972497659096515	0.27772770839878463	0.14051786938352445	-0.6017544860779799	0.08060750297865135	-0.1113072293081111	-0.02079392017762887	-0.07656007906253892	-0.014267374850480387	-0.008342965491091018	-0.0012921838118429008
-0.24465447927623274	0.19392504188279874	0.14353348797505244	0.03118578957307131	0.07425265477706675	0.11715894955197377	0.14101906673554743	0.01572690900228823	-0.2553345464557385	-0.12232719197454948	0.008597737127894677	0.11935637866922692	0.06595966034363696	0.42010974750257046	0.1746639471158511	-0.2457321764395022	0.6656441622419106	-0.021315364069258682	0.15518893875463474	0.005018379079255004	0.0846019745978581	0.02053579760225192	0.010508942864020881	0.0063489766350569845
0.11899110999218646	-0.05787830849364285	0.4922613807856426	-0.021290051711784254	0.030575824973200216	0.19403078557953107	0.1762107228454538	-0.22378000366880044	0.05744940855739437	-0.24630379537179684	0.40113689037979466	-0.12172779271659505	-0.11723447217410453	-0.5365341190548367	-0.026578997897714285	-0.17648992644652006	0.1480893814381539	-0.13582609700785997	0.07768624461503568	0.01591644554274493	0.0018356585412331817	0.012860098321797265	0.002261506112243106	-0.0014927933153464526
-0.16253836106189845	-0.21291289720936876	-0.011384319983205483	0.4999624850419629	-0.04297257254997241	0.18952503267810983	-0.009885589401801228	-0.1726706101134281	-0.10839322130657288	0.2922742988610647	0.017139655395622917	0.0197625814978226	0.004837113293911488	-0.05859867094238904	-0.03770770520584175	-0.005179463777915637	-0.13597928726917258	0.2060035102047361	0.5728496318935105	-0.2903042636614862	0.1834025517498516	-0.020450705215049277	0.015961030666446337	0.006625816799034458
0.017404917933745927	-0.33202925714461906	0.291572071810645	-0.12340285896502043	-0.15122175264027385	-0.019519171828809058	0.3153539376378894	0.12193343821600838	0.04212363165222363	0.10502695441828425	-0.30502256450762144	-0.10160925037165232	-0.03622681611009423	0.09095391431860586	-0.1557036870863407	0.094681638003197	0.07016251637951282	0.12515663072837382	0.07361948925333099	0.12812155631197963	-0.031329397608122186	0.23983780492577564	-0.5751807602764972	-0.24683226888543675
-0.017800183521678333	-0.2566727102616923	-0.33903787210035263	-0.22627185366834215	0.2656184490422209	0.4405706819067916	0.11807672991823863	-0.09582504160012217	-0.05850917216999382	-0.13670343285517744	-0.06154279831694835	-0.019452526780484588	-0.03514970397314621	-0.04668083186343875	-0.006527492204209584	-0.0010469509490668412	0.08285609522456149	0.27393291852472934	0.07104391421896547	-0.020680655241464816	-0.5468727022177245	-0.25187129934332547	-0.015449948518560774	0.003757766810658733
-0.15276088667242782	-0.22168634371915416	-0.015588672554942638	0.5067528247949373	-0.05741602334500267	0.18550677958532902	0.02023621424527914	-0.1754230247395097	-0.13997984596647747	0.297940103559044	0.0037859007592543413	0.0004215894994280371	0.03773309727379737	-0.045480479986738404	0.05868919618697195	-0.019947419799787952	0.10977721401944596	-0.2067473917974605	-0.566054761157645	0.2827256735465823	-0.17315571597054355	0.019497945177276294	-0.017627538395595558	-0.007270503427914859
-0.2344086121665503	-0.20680339388869043	0.13159102267897124	-0.14523782008530067	0.023674311189433295	0.03654137231627904	-0.2109271486306442	0.25900754561385525	-0.01387773982571721	0.06272059014308258	0.0909932312495969	0.4747900287966656	-0.04326472535402472	-0.11103355398990147	0.03362488725201915	-0.04776468796334945	-0.047325946624895046	-0.12798071659264204	-0.03643368473233087	-0.010994638130837446	0.1384878851027901	-0.4274539063051345	-0.38815208683101166	0.3497638482313446
-0.10615903868902088	0.3200857105471271	-0.24469405820652193	0.08975525626683374	0.15401411856428998	-3.120803537123157e-05	-0.35113667233410517	-0.23768121692026248	0.016147137219412362	-0.1236013273471815	0.260011809625573	0.08265949875284363	0.009982480346495345	-0.09365431816621195	0.11264516738208102	-0.05938663854464938	-0.038963072882297146	0.16934296688370823	0.002659168228803371	0.0895877612763012	-0.02129595202387139	0.26749296050281657	-0.5739974344783484	-0.24507965906727605
0.23333747369994495	0.2099678527624155	-0.13236102008626413	0.14544915103694014	-0.018690130342708607	-0.03145854820493101	0.19706452770989927	-0.25209386786781135	0.015375714590250111	-0.0649508260767366	-0.06522280661046388	-0.4644428040543803	0.0455691958551967	0.13080499294512826	-0.03381752264221485	0.05980497193349895	0.03858465585962536	-0.07359115203519337	-0.029609311389129058	-0.02868192039645997	0.1796824630561966	-0.4508898656502087	-0.3789206371169976	0.350674356228139
0.07135951488779844	0.24762861885929122	-0.05305785256899563	-0.14535368196880094	-0.7887536136033626	0.4938583638886568	-0.12252380020222317	-0.06798719220676057	-0.02543576333848374	-0.026022971195612653	-0.05337469104692196	0.11749339015351958	-0.03048277203135171	0.0030511285845845233	-0.05389271585953573	0.04500207171588976	-0.00044572014027716416	0.006937721012968062	-0.001732485194116647	0.004294293504858909	-0.007554966441447284	-0.003022100615868911	-0.0006569005501496756	-0.00033007980592361164
