0	1	2	3	4	5	6	7	8	9	10	11	12	13	14	15	16	17	18	19	20	21	22	23
-0.08109947132229561	-0.3993498323253879	0.14424141402617985	0.03508828897508203	-0.044662603705812785	0.16746844355527754	0.22609198372764996	-0.07084593499294198	0.08518656075327623	0.08856720816894594	-0.4225070382501932	-0.2989253340683447	-0.4306352907062487	-0.1482898845964543	-0.0901131026147187	0.4163080072874594	-0.22318352653204826	-0.019797870858288553	-0.04736755433826158	0.026372490673841273	0.02139721943287226	0.01348414826951423	0.010388223612998173	-0.0004639606826368255
0.11923838878122359	-0.3595053887473228	0.21062363542141216	-0.0310665976425978	-0.06002540020520947	0.10120769175481448	-0.033408885645162284	-0.09545939842400876	0.13731654343292135	-0.12610981666766974	0.19079823261241188	0.26050234858989996	-0.11325685513205601	-0.06264135284493899	-0.04937841463207663	0.005145483827059141	0.3639885479192567	0.1073272574642321	0.038875782297590734	-0.12524646225553898	0.0966258385836617	0.10264188022806423	-0.3273516668399747	0.5836603400718487
-0.20897822666535446	-0.26773663088116784	0.17258128617589863	-0.12662758705847088	-0.004685329659829123	-0.03155379532288347	-0.10070242653196552	0.0003446837571726556	0.3600956639526481	-0.2052557058676329	-0.11228022154225296	0.17645911365592218	0.4241306568744382	0.1752133070131709	0.05364539938705219	-0.004672308533925762	-0.3631500406276235	-0.08639978124567808	-0.011261845189421813	0.04600303438273484	0.46551269168640846	-0.19315646477498088	-0.011459866697768398	-0.05393724944000172
-0.0700878363932341	-0.3223721860575379	0.27698676658354193	-0.08867829558102501	-0.03407818518128608	0.04949420450686737	0.3792332045910201	0.41457904005963797	-0.3805637249971797	0.21443836624495932	-0.12313727056354895	-0.15933053581529905	0.2332970783025478	0.1992186219260258	0.11181828865733157	-0.34311475969948946	0.17502683428482083	-0.005516982530259459	0.021504974444734412	-0.01726960779905189	-0.008192862622345896	-0.006668113543280925	-0.005189713414905679	0.0012170449847238452
0.04566512916350431	-0.19459103943174344	-0.34697635182440223	-0.3280149496766295	-0.21190202950319115	-0.08576352576562132	-0.017164906120896654	-0.03231715818535348	-0.05770400235655008	-0.08034500331172877	0.0006479868826733939	-0.03399204541649865	-0.041421437997441315	-0.0032498731532175458	-0.06785563792209634	0.020590640640387573	0.15492962314244524	-0.6727055790397607	0.058343766631484065	-0.2635227044294296	-0.09725129802190244	-0.31465163527590545	0.047010774691084965	0.026691907697727633
-0.017543735787983867	-0.252425394945403	-0.09526532655107381	0.3903944614844446	-0.3331355952146499	-0.592049484841107	-0.22262891733037243	0.17279665545749479	0.1888639703315781	0.4307158806862994	0.039175584937194356	0.028239571448191746	-0.07569319519050673	0.01738923842240925	0.027363056873341843	-0.03393635897492273	-0.014880060550916506	0.040825812741020914	0.003330250021024503	-0.013760377290212587	-0.0027946435644622134	0.004212818481609925	0.0005457168888032176	-0.0011823146917644403
0.256927123750343	-0.15140142876277202	0.2006222745527335	-0.10595975653599207	-0.017320362900123898	-0.022338365323551906	-0.04646105664669357	0.17439880766433297	-0.07241423445892825	-0.04063259080564331	0.21105146494362176	0.20939391656364792	0.15657062839722036	0.06386176705072874	0.03446881011744145	0.2318054034430014	-0.4822026546873798	-0.14178609538695428	-0.08590670942490473	0.0965543800639915	-0.5861019035951363	0.1586458396445537	-0.05704372754151021	0.07845693321382594
-0.23232413731648727	0.2584762318301537	-0.1435746120664962	-0.04784675307441863	0.02622419105347533	-0.11630584876317036	0.0709796629501644	0.1107416429529675	-0.009681471051491536	0.05213669933101692	-0.2992260901212694	0.05867702408733792	0.10202364998148082	0.13432178586435808	-0.05304094635751043	0.09550011719691699	-0.0886419179701604	0.01384852925905755	-0.0685093129254176	-0.04839891160319695	-0.04392967163077841	0.08867825773445212	0.42762324050517975	0.6934547841763159
-0.28225011339440975	-0.14001694105136828	-0.04840678877400545	0.09216184003680666	0.019137207789461035	0.06572307432211823	-0.08600267932322916	-0.3233648540252694	0.33134545926460723	-0.12389930197371203	-0.19388016605680658	-0.26737515706276216	0.13004744191591264	-0.03103290022644483	0.19055721412032067	-0.44165598403035117	0.04548577739461941	-0.05981955523773986	-0.01647910886018283	0.10116763691150686	-0.49495608767476906	0.1296569796083303	-0.09056952989008382	0.060246934928217824
-0.29916533411460733	0.04732862111792629	-0.009138495121958705	-0.13338557306246274	-0.027963229164148822	-0.094627806937518	0.0959182699642037	0.09778995174557317	0.13998219499522935	-0.036785837224059245	-0.3188160766128417	0.43213541817482176	0.06485460699300864	0.20218372570592327	-0.16990900527364863	0.29639827213602166	0.3655842333253866	0.12419138852622609	0.044460609276350316	-0.10309840456686414	-0.2735662692175822	0.12882109297516214	-0.16090877992903221	-0.3342763043754208
-0.30245083650280247	-0.03504933573754869	0.06562170223670988	-0.032658463923133214	0.051299052327257844	-0.0586179973264418	-0.04215866457288148	0.21188398275671144	0.07618461411124157	-0.04338118564547047	0.31448993866134806	-0.37926299552371034	0.39464850259560824	-0.47887953975547815	-0.3240205184686388	0.26714474504662433	0.15697507960923263	0.03624296723168929	-0.05398551915553461	-0.05642221426069087	-0.04851241710180705	0.03863578810732768	0.03724635737503647	0.006106134529491855
-0.28957740154387185	0.0961125961505501	0.009721860909037627	-0.106650803944257	-0.03482854410911939	-0.029986249166060488	0.15233915397320072	0.3433453482020075	0.3018646327381076	-0.24499986028540385	0.429656934958988	-0.21536140029466244	-0.44494277197151405	0.4027698448749614	0.058395717256828766	-0.030857356859399217	-0.05452546524766219	0.012962384481054023	0.040576740121981994	0.01188142158849991	-0.02267462166600613	0.008821251208265041	0.001690552109212109	0.004096639985294045
-0.29255245760092075	0.09092935597415717	0.02476001614531834	-0.12697480877275408	-0.05993364620015777	-0.08798770751572078	0.142199672456604	0.22658681151459578	-0.04394469396831607	-0.07034482772750324	-0.03432030984168541	0.36961465464653365	-0.22329583514422544	-0.6372223994084338	0.3696029113276557	-0.1677836537998738	-0.12714071133369392	-0.05656035636939731	0.07120790917171459	0.10499943837203218	0.012580012692020012	-0.05617895381792328	-0.04871795744356027	0.004743269606262036
-0.29250605645884326	-0.08533351358279348	-0.07501418985926879	0.09521673364823904	0.011417060416445746	0.09159369191927026	0.09204434396412435	-0.2849679370782339	-0.1719271786213289	0.22033528209267597	0.25026165027700004	0.05457348738681775	0.10217426226007695	0.11750718709987934	0.15499775179796293	0.2525180608827626	0.002086345387602498	-0.1383028941234071	0.6522040708565703	0.2770669889522801	0.03333880671116466	0.10948113559051184	0.04296812400616455	0.04797181773900713
-0.29527780513946134	-0.07315025844989916	-0.07541729755192288	0.08461415534853954	0.008224135707126112	0.0870237403539827	0.10133791494419543	-0.2693573884741097	-0.15719276684041797	0.1688598139553964	0.26149275922343	0.07070211034047041	0.05666424656771498	0.09699094374099958	0.4301913361686114	0.22492910913222172	0.028862510666754184	0.04195224335934814	-0.5888983428647199	-0.2688306222820403	0.0064505791415343265	-0.08239092375601541	-0.0058322497565973805	-0.027292479180682745
-0.29500349180203667	-0.0887370690626059	-0.046888431336074655	0.09180971564388138	-0.03338169831450069	0.07633843668291154	0.1719855156128844	-0.20788331897932683	-0.16012135559612467	0.11571738825413046	0.17668981536424158	0.2689206416208807	-0.1286999189646452	0.000404529513560562	-0.6632536252084446	-0.3492818236104091	-0.2651836395475438	-0.010230839522727334	-0.1407400327870793	0.009295738612732076	-0.028140814078270373	-0.046625114849280454	-0.007187199936919083	-0.01902926015731839
-0.02382624875027324	0.19264920681626618	0.37169344843311586	0.2979123477805079	0.19400573029586776	0.032907519289369615	-0.015941895971213878	0.06112719886559603	0.1216064308202382	0.1032079413962482	-0.015901997014968992	0.09426823560936717	-0.06457000097974813	0.03268448452822345	-0.055449901357544434	0.041332439589275266	0.25850702401043246	-0.6117604501940511	-0.2647103148736884	0.35916001662428376	0.07469008722277315	0.0422598709168796	0.02216810513509591	0.009943398123191014
0.013878200630193476	-0.11377175567256818	-0.4162066999514654	0.17904858868110046	0.31564868281967334	0.2746970721475903	-0.030282700804569344	0.3015827085317353	0.11356853247870712	0.11467344226235465	-0.02475262588652604	0.06681066330206463	0.032932314550730715	-0.035022424968487176	0.024435876787803068	-0.06577894778727642	-0.13442412349998065	-0.2104308077424891	0.026116285269838054	-0.30125457690065255	0.16390177314699575	0.5212959655165499	-0.14783070973387788	-0.044737275077452954
0.09887748207022923	0.11581513150506761	0.09008751435264023	-0.5593761789531234	0.1617931385738071	0.04794041304755324	0.050582249807731905	-0.0998997409021704	0.3912139027756253	0.6649922639031655	0.09111596100558891	-0.010488203659166133	-0.02326418987127074	-0.04753040330577742	-0.006276949640178296	-0.0827893886505589	-0.009599875604487294	0.03435028556150547	-0.008469501871514143	-0.004599949513862047	-0.005385962479670192	-0.003272426328359716	-0.002236041203057572	0.0003172644473300435
-0.03468027991897751	0.1776577476011872	0.36592397149590716	0.32513785145254664	0.19339917859077768	0.07958154263613586	0.01005343576975435	0.008682569415496201	0.10601940984910205	0.07989299856840036	-0.01583561238739854	0.03219016939551975	-0.012131109506789637	-0.022296546989166773	0.0191715376402322	-0.019461167864424162	-0.11000255620921198	-0.05434974592160011	0.32243455742004307	-0.6219728973489951	-0.16945963527492874	-0.3578331414647422	0.022055975513868595	0.017034160370213585
0.079793488340412	0.33252511925194717	-0.20500848847695305	0.16112272584754184	-0.2914700239584822	0.08296983043920303	0.3965265513330661	0.056340137272952936	0.12389343377712882	0.08803399299739852	-0.06649409400499345	-0.1109690616816021	0.21176410151241062	0.014271169686331266	-0.024690576875997464	0.08983188845132346	-0.12866392749480593	-0.03620399305507971	-0.025728826663244858	0.11156724626195988	0.010573694607673028	-0.2040480170278435	-0.6076024101279922	0.16540872220312558
-0.059801843703102785	0.2453526820592937	0.3321490647933033	-0.16538303923008107	-0.29459529744188606	-0.3023185916392915	0.0506654359504351	-0.26199998407977126	-0.14557266419039255	-0.07535166571059199	-0.034762315965809656	-0.15424914684391677	-0.007975787413142407	0.0032286281269662768	-0.0007566062364956919	-0.04507905881347998	-0.12700855022468144	-0.19344091681407735	0.02699915524313131	-0.30400700718831997	0.17997036790794704	0.5404181243275866	-0.14807270156306065	-0.0459754965059553
-0.24986979646778587	0.023332246522327543	-0.004357334054163992	-0.16237217304390106	0.42143875962754235	-0.22517174210692628	-0.4284414318653149	0.05646368009501931	-0.33506840713642183	0.068530900753733	-0.1313503901000378	-0.14508735005296583	-0.13433624631581723	0.10921458008990906	-0.028112533601809726	0.0358396237491283	-0.10057996367043326	-0.003085956597149631	-0.008853990800160758	0.06369051890380145	0.003949694626783037	-0.15971525235895076	-0.5005117194384268	0.134004221534721
0.18510648586552178	-0.13006844176850746	-0.1061628075915469	0.042186184802408114	0.5255929041752399	-0.5523270140605493	0.528617658230124	-0.188240857032181	0.07821126700654181	-0.16511394999673834	0.05700945699377639	0.0009715895484909874	0.03510328372357171	-0.037597402293045035	0.00673524602742111	0.009457475087683775	0.006152065933308089	-0.004311711094941689	0.007033282635575275	0.0047682344359461105	0.005472455719411905	-0.0023554910016832663	-0.0019434499025592616	-0.0020309380667001527
