0	1	2	3	4	5	6	7	8	9	10	11	12	13	14	15	16	17	18	19	20	21	22	23
-0.21096243910723722	0.21163193810431097	-0.007055489002093306	-0.36499489604961277	0.029378080330624987	0.2616011160219622	0.033513917433066184	0.23181645602282674	0.2107479966735354	0.229131595808388	-0.20320158273003452	0.23449874961419512	-0.29967711575293454	-0.2640259365456362	0.00023975902309506916	-0.3002281599404676	-0.1223533625424934	-0.37987883533825234	-0.08211101777625189	-0.20642742526681218	-0.008503259136550517	0.031826093962886486	0.015297242071790444	0.021767769104910753
-0.2934230499307542	0.06615737065489109	-0.06359096875902073	-0.10235100448449448	0.0049012802585846555	-0.018904773653744617	-0.09980558716345916	-0.07501806967540571	-0.2702652884849785	0.12578060961993404	0.06277302648106653	-0.1736093344017162	0.020305156218843497	-0.09327010534516765	-0.052937851951921897	0.07010025824546956	-0.02425885682632084	0.00997515944323773	0.3148023584062622	-0.016058823733045784	-0.2223915399637223	0.09134158743687765	-0.12255582227545203	0.7525927602210613
-0.29639907033046475	0.012577380936534327	-0.03802885963717701	0.015512303092248396	0.1384382650515819	0.1289444024280109	-0.012041649518143153	0.09668392627160227	-0.15862884515171322	0.1848445587114118	0.0348297527633103	0.03210882369318831	0.07972403218757451	0.18687232832898715	0.04068670858569471	0.29702067739112453	0.010451022683240661	0.29666345419410756	-0.2662919579137089	-0.5567053329779579	-0.22473361397001534	0.2823341080009388	0.2147421635992403	-0.16433741071129607
-0.21378932851086604	0.2603871696476648	-0.0020341247858981283	-0.22204967743125925	0.0012197354937214329	0.2047816356152907	-0.0195163527348619	0.15131071680276648	0.39543484181822824	-0.03785885280470362	-0.18532131953404737	0.11484866472670391	0.0971911349832933	-0.032372027457597805	0.07581291808611239	0.2354644191813885	0.23023448099489066	0.5295967483643791	0.23056584716021836	0.3165191399776831	0.027985629029433703	-0.07733228986933578	-0.024494683291517445	-0.02755312479816578
-0.06872255186749066	0.018167617650046135	0.5110453669300772	0.08306452824810583	-0.11933896514020839	0.026201769710276747	-0.21886289198869557	0.07743570400812962	0.35490623544115185	0.1839495274425531	0.6422363683903393	-0.20457249004438274	-0.1562235460718454	-0.08078599624655987	0.00716120408153706	0.02160369706099449	-0.00716523225297858	0.029767204230764007	-0.00747597482290146	-0.052542101561964545	0.07359814877444144	0.04581440716717853	-0.03427065294093094	0.0068467924094896306
0.05367948026345623	0.27140597828017354	0.18460402257935338	-0.11077744958485272	0.6189333454529077	-0.09771009674127845	-0.1421804093065335	-0.2614557954825284	0.1322944668823339	0.02698450443200376	-0.010856912485002332	0.01948662110220048	0.24094969802748903	0.35560813281785114	-0.15550161852603803	-0.35492261900217725	-0.07034438503269955	0.03400636934679432	0.1348876933328502	-0.10539388039793328	0.08003471396674369	0.01723864260604934	-0.016280245313667435	0.011809339089112175
-0.24243480225159503	0.239964874458844	-0.05179284142507395	-0.02648691124428956	-0.07451060985848723	-0.03317158339576795	-0.16373247228368565	-0.1025013175836567	-0.00696982619826169	0.11717803301995536	-0.003557530509930215	0.03263081949311621	0.17519493266405783	0.20532929471442246	-0.05914513544522282	0.2469449052784151	-0.05222783805177649	-0.18408477771694068	-0.6388514193637066	0.2090843863035567	0.2237666091529387	-0.2769253445115188	-0.2065070632676182	0.16197052796645023
0.20026855019907427	-0.2496825668054796	0.07573383469441644	0.27167752685335345	0.19390023087732478	0.08908846961052823	0.22347995400798887	0.26181293823098545	0.27470074503398845	0.06826354703744879	-0.13368314833175074	0.11620963778423744	0.13156321175430521	-0.0318678776514302	-0.2005337292737312	0.23566201582385646	0.08781188768032717	-0.04717683802407968	0.04530121849818772	-0.3512490798099095	0.22723642653197818	-0.32869681738095213	-0.003699311327852237	0.365179434986798
-0.10847792258246902	-0.3448059727560294	-0.0034073859095776434	-0.03004203481517896	0.29808356158226934	0.2845844534736948	0.14209154150145814	0.2787830878378519	-0.3137070919028021	0.14205253858885838	0.2480005266619395	0.1540772141111294	-0.17192287717938914	0.24005166212459544	0.25140138883847457	-0.24618181576421808	-0.06048920163678638	0.19485876381492986	-0.06982321282858163	0.2932103630768322	0.11087153593345016	-0.17906934141555855	-0.07123491055879211	0.06277227548346832
-0.2539074871778103	-0.18263682481050506	0.0015786307882852456	0.17894896290166987	0.2189317498295317	0.05547645548024175	0.09034056614843224	0.16443288105364529	0.02963723507034139	0.2703380553642399	-0.013146478263632477	-0.059494835377584106	0.2812017957266627	-0.11307654016431319	-0.4087981754913065	0.16019079521577367	-0.07659643664193766	-0.2973834439197599	0.13464566418009855	0.3890619226429348	-0.13028785669561738	0.261892072051899	-0.03971027496266242	-0.265872296034832
-0.29126528279453484	-0.03876766639368308	0.06385386296127663	0.03721222528008662	0.06594020481650499	0.15591799079169996	0.18659401220336866	-0.06351109959734769	0.1603937513273299	-0.4306078811905837	0.10352805765924959	0.01017622046271931	0.17030175321502872	0.22305107271569882	0.48698955103988406	0.13561813793603256	0.16855756612862272	-0.46995921891085046	0.14239245996985916	-0.05088298626770393	-0.016514487549239266	0.10691515427706928	-0.010123357862443498	0.02166707675141303
-0.28775371109072206	-0.07767610552682623	0.07112437385769566	-0.05122842767252145	0.040686682605509755	0.0987429855500351	0.178666291574615	-0.11148458127583676	0.03416641530401426	-0.5805381687261446	0.05782460740977616	0.001634014162941044	-0.3594994511518639	0.05879140329470923	-0.5082609158080891	0.06424005931510932	-0.2963134056439263	0.12969520958619837	-0.06626250922633488	-0.016761381008504335	0.020650579482272946	-0.029167000410664345	-0.01830468591520617	0.011326812742272176
-0.2799142263825027	-0.14260789319975753	0.04340000777595568	0.05005618353038234	0.06594182433107165	-0.014781091599844663	0.14212115957460789	-0.1031861781455051	0.03270616655525564	-0.14008018293548424	-0.017061092499447334	-0.21458432930841875	0.43833271768742066	-0.5591377972612714	0.1481989659506642	-0.35752364817125615	-0.08820536052330707	0.2250101406867604	-0.24289112732459434	-0.08608745825049466	0.07942181309674076	-0.09329423434576056	-0.009591071925042719	-0.0015110674392298832
0.1002534091215358	-0.34075955580913725	-0.0800582332174613	-0.2798277603514397	-0.013050700140563398	0.02822698442250918	-0.4559384477660108	0.008494439786462032	0.10448577478875591	-0.08199925394116994	0.01698638716327706	0.20605713343674006	0.22688570347294099	-0.044967968414917736	0.1570324385007213	0.2284811825551154	-0.6025378722149355	-0.00629215148997281	0.1410399331538273	-0.0514531131233676	0.050766880733182265	-0.012334364846847074	-0.02089738240167692	-0.025526178170194837
0.09688499314808864	-0.30675597884650607	0.018529540868720856	-0.4965718036483925	-0.0692046301139783	0.07347561862776855	-0.16605003583128577	0.002757422660774584	-0.09374202570169587	-0.1520145188189879	0.20791802357501363	0.1765780848198163	0.2240977989770758	-0.03691655212719758	-0.3196839613830693	-0.077278603552668	0.5633733596680698	-0.07333833398435712	-0.12725119101040985	-0.047007754271616395	-0.03366210595447236	0.05291582785607526	0.006963212128415307	0.024667117199770466
-0.11095036938123604	-0.36093721826385516	-0.07649673310169817	0.004900006488749665	0.11204471096823516	0.032221078306075894	-0.39987732998362574	0.07739731028685139	0.20934444259431664	-0.019175822135101606	-0.3911263837946445	-0.5764247967270967	-0.24844209327172329	0.16910498611793212	0.04411917852530388	-0.09141142939998624	0.17094734062418257	-0.028333563871424976	-0.1049183278381665	0.007407070505121785	-0.025646120732224956	-0.015552537588532896	0.002211129868713547	-0.0006481069656386303
-0.04586687667736981	-0.008036261470916389	0.5296258273631029	0.06221117840679379	-0.10080828962787945	0.004155427685552706	-0.11907270777482507	0.11059403779866982	-0.31992142431533704	-0.07616210647996415	-0.3645951304127405	0.11559082514267775	0.005961565634215357	-0.025592376884117248	0.029920981694171508	0.025854575162084274	0.0337837072889583	0.03820667199360427	0.019699961468785172	0.016412270226196683	0.49170263536765546	0.40652415087824345	-0.08005989160823297	0.05892377575528747
-0.27677792334539614	-0.13057283653810758	-0.050630004356158075	0.12263968895999577	0.032522225520864374	-0.1339913322947997	-0.12124005561711734	-0.25024769599993885	-0.07356192656039612	0.12492751348986658	-0.01736130506037062	0.22127149237602464	-0.1682313171152866	-0.09959275314588056	0.016213127169494485	0.03994670952099834	0.18537071741343575	0.02585463399238093	0.23270907782084574	-0.24912322559314237	0.04150670761079659	-0.2155231844182926	-0.6290359693740927	-0.29485692058634455
0.22214315921610955	0.05229550128648956	0.1630796458420516	-0.15518780653481543	0.5623786811296376	-0.049579691038040136	-0.004865655943323101	-0.15285302723642707	-0.12976947448901632	-0.06794993073196613	0.0019370017284335884	-0.05177167814801742	-0.26546201407968323	-0.4295392420242203	0.1755420494491074	0.42072863559528	0.09326487210930749	-0.06404513229908546	-0.17032283359964379	0.12634698361350696	-0.09749673053175653	-0.01865244334910784	0.020356759820704236	-0.011800395063954468
-0.05829995078589665	0.021160431458288952	0.5238007599237395	0.08938056513376266	-0.10362660805962205	0.0067851841446633174	-0.14582723308284587	0.12166951892387919	-0.1697783605063593	-0.08662399823958378	-0.2166817000520015	0.12594564671834974	0.10464277995493831	0.05244746099927059	-0.006339043101249198	-0.05788479776039479	-0.027529519680949185	-0.057787824740912666	0.008008006632541795	0.03859344554089542	-0.5700489888011097	-0.45231094669253685	0.10682162983720297	-0.06408991524867616
-0.19792604936296004	0.22636568072983126	-0.21001916675615429	0.17849844937449388	0.09160495694211696	0.08591106856462717	-0.37502756524125164	0.14002814247194362	-0.2746691237432388	-0.12880738713917783	0.15335884752437623	-0.03442149238354535	-0.011202800703581081	-0.1628997275029613	-0.08612967500526049	0.01936918718689512	0.11438326007758576	-0.12057065401385626	0.2405592600117982	-0.05643601225599058	0.33437119344454946	-0.30009121193072724	0.44317553690657996	-0.13948777226544148
0.20700963661742794	0.24467972676906344	0.02302479850839846	-0.2781859419489103	-0.02493841475879062	0.21465380491715857	0.14429346377500232	0.34065293180549966	-0.238397765771978	-0.09422848681684984	0.04745270702615792	-0.4923330425694085	0.17153116435646476	0.050500478520368985	-0.04915643123948622	0.09617165362362327	-0.11302863555239698	-0.04293802625263742	0.10687416095751481	-0.1732860709215164	0.046823909267378165	-0.13423757866536576	-0.40508811836254205	-0.2035326165384623
-0.17272594938916538	-0.19210017298511534	0.1930749137767168	-0.4000098053047266	-0.13273123110726556	-0.1498096737473632	0.341681683371308	-0.32385277633859316	-0.06171740407461832	0.322072080277566	-0.08114342322462716	-0.19531400043358121	-0.021903394552335406	0.1131856234049172	0.011435588250586035	0.1514102800559123	-0.04328037357722988	-0.04538111460584391	0.18647824336503702	-0.019647041164969632	0.23011036054446776	-0.2612859056291871	0.3343705711169925	-0.11642407924298359
-0.17905673259245242	0.006188440829639888	-0.034765600831589596	-0.16877135114944777	0.09983609257040874	-0.7946198431026976	0.06707740983870508	0.513312004233952	0.04178049861821316	-0.12190140769394295	0.06060860876209899	0.04386024925138378	-0.03603363478436743	0.038739512815824995	0.05743466608460651	-0.0034541200386890986	0.0031264860136559804	0.0023704082728215684	-0.014511792248459623	-0.012060806692579263	0.010271889172890786	0.0016787545391109384	-0.006071334035238499	0.001506014885782244
